27192
27198
43621
25840
47908
9743
58815
42320
20862
511
44836
31997
7618
2032
16739
2283
56882
37822
31754
40116
31982
52768
59346
12896
983
57151
34858
46658
21805
12398
32457
40949
2956
8613
2733
53187
82
24024
26722
53720
28472
32074
4513
10545
53620
26618
48500
57911
58456
7243
45002
33278
58531
21466
41221
14799
1020
14765
1722
28665
48563
31346
48409
24992
43060
13884
7406
27002
53018
4642
37218
49848
21628
39543
1575
30664
22531
55870
35383
15522
56278
53107
39394
4733
21037
32095
13106
4077
29573
13256
52744
6202
35241
51667
5866
48906
5250
39193
47958
1866
39343
30514
11849
37782
54557
9014
50378
8976
33224
50082
28240
12355
22444
17350
15193
14370
393
2810
22780
4008
26224
55906
18847
46317
13956
44578
18541
13775
59105
31775
2467
51927
24122
33200
44647
55798
17538
36948
3545
50039
16445
39071
42208
38965
26962
8091
30976
4750
26030
12467
28704
57176
48213
55016
36971
30992
20210
20067
27919
17784
29093
54090
32905
39091
26371
52184
3329
5689
51284
33539
43029
4017
20214
19155
28309
19250
58583
41456
16709
21032
54989
41131
3654
18995
2964
37012
5297
34688
44583
39819
26709
21945
24961
11305
38037
8028
53925
2378
44867
37716
45927
44939
1284
47183
23504
44313
11832
29563
33578
34319
14873
50271
9900
38022
23271
46636
12102
25016
38524
16866
57063
56721
40688
36715
49078
59393
1021
37288
50163
57235
48573
51993
54014
34582
45055
17827
28637
31748
46481
487
52249
59997
58153
38955
22876
49312
38451
53046
17124
48098
43749
18932
51242
36722
41843
55774
48997
45159
57144
24296
41178
1777
29492
47129
19024
8737
55944
48078
24146
29900
40952
7336
40258
27516
25192
3763
33226
4715
16904
23418
2480
18138
34974
7677
34507
42400
35296
20376
25171
58582
1297
53063
53641
35832
34942
53152
18280
43476
26530
6631
45303
6908
50529
35896
32164
25987
41765
14745
10592
32903
14986
12193
28781
56166
28825
29848
21235
42781
10151
47492
36617
19258
20474
41737
25589
59547
15984
38356
49317
40514
25781
20873
30431
43861
20910
1830
3562
30206
11740
12813
11954
35107
14122
8947
28190
55252
54542
46692
21743
40897
7989
28463
37662
15565
14660
26685
46420
5153
53670
6003
22560
44805
36482
27315
15883
26641
4925
21656
26159
31493
45109
25725
33305
22804
47956
11411
9143
51572
257
48547
2567
52487
27380
20694
58499
48641
43895
5840
25453
25709
10542
2462
47743
57757
34222
26243
48709
27079
13593
6297
37666
35001
8226
59595
53403
21241
44769
48805
22213
33473
36632
27933
51170
40621
37638
48958
27427
32328
29916
56131
16483
45227
29767
19233
15319
29648
14532
38261
53723
43812
52653
50707
27554
51780
59014
36150
3910
27034
50414
14447
1034
22791
52022
20150
5607
4225
57082
1963
8056
46586
29655
685
6498
9671
45118
40805
16950
29274
56868
44297
10516
10261
7059
13487
25391
36938
32845
56741
33753
58487
19201
39734
46432
30776
6818
38697
47952
1509
39238
4670
4308
20713
1405
4729
36313
29216
44489
14962
34404
5193
11487
11026
30102
28755
46776
46324
3851
54543
18299
14560
37441
41620
48614
33598
15396
7891
34134
29889
50822
23680
22030
31639
30145
47632
2326
895
25994
28245
39836
43722
18698
4151
38220
43609
5174
34465
23830
57296
59409
53394
30539
23424
35513
18088
40737
47476
19904
36170
33222
21332
16292
25609
48989
12753
8044
28353
20845
18602
13239
3612
41265
58739
6418
4404
28726
42703
44510
12046
4577
17254
2661
49554
52454
27188
43456
58958
12147
43376
5865
22430
48370
28108
6400
8043
26921
36324
43331
17251
37242
18684
41308
9287
44190
56649
54898
24960
4072
2442
33908
57716
24060
9310
33449
53935
14801
46789
58304
25031
49552
32981
8429
34758
21064
45608
2145
11712
59571
40246
29257
51374
54135
34412
20105
46089
3563
11057
4799
10109
1363
1497
22181
58185
40405
53777
19301
22980
34520
7361
43735
11015
31349
2470
13022
17756
15203
18433
15683
45295
12873
55437
32082
31491
39673
52141
51721
25549
57375
39432
20384
7192
56911
28914
41080
25843
44667
38840
19085
47911
55466
1073
43422
46526
12615
34156
8730
36390
10490
35861
36698
26033
58374
44853
19783
19265
15521
16631
24041
37505
54539
38104
24112
27735
46221
8165
32652
39254
14638
34724
43981
56744
36968
14614
10891
12429
5878
8974
46402
20613
30327
6905
51197
6869
54196
4116
32514
220
54417
1312
11333
23488
53557
33836
15899
8045
46757
8452
42309
54345
8483
50930
27783
52429
1069
17317
56533
7634
22758
56005
42714
48521
5266
36629
7580
19583
12206
16303
41045
16542
17746
6117
11564
6246
26863
44002
33717
56943
940
48606
45053
59241
59822
50727
41801
10108
11436
30188
7880
54274
67
42026
41256
36101
11660
18691
3377
55675
6426
52091
49421
25098
17934
6228
41176
44167
30765
48954
1717
40428
26228
33546
13278
2727
1027
37299
38153
54399
31051
45813
10079
47855
48657
31568
32853
28891
58273
59334
27829
3630
3790
46087
24155
376
50041
49463
37340
31873
49641
14794
764
23453
41622
4363
54694
1308
38944
23204
41373
55803
28216
21430
33649
55770
3475
46466
1257
34772
30798
55758
25550
404
58806
5592
35463
22368
19719
50350
33972
25640
54045
33820
48836
2836
1288
39930
15117
1006
3836
24761
48849
16692
9886
42435
41618
14400
9402
13817
13719
48927
12904
42737
57475
40573
41236
44099
49716
47760
49955
21349
35891
12630
14885
5371
41315
52704
50033
59496
38881
27953
1072
14438
53185
11138
51931
53455
52113
57950
52592
12065
23480
59055
29754
45722
38211
49486
36544
9037
44659
24907
38975
15384
34699
28888
35764
22186
52803
28722
40593
14853
51215
35871
40520
8640
50339
44482
16630
2639
43641
26045
20948
28474
37344
55085
12640
58782
53317
50208
33511
38684
43013
15669
31884
38820
38272
32331
48525
2136
5776
29338
32644
30007
25891
55376
41339
23354
9316
23479
33181
643
37280
24278
40806
37437
17404
55301
5511
47264
23999
3456
51038
14710
45019
38402
615
54781
56785
4343
41538
52694
46213
37326
56701
58385
50685
7700
10072
1744
46940
11526
34473
56228
25463
58669
55542
22493
515
23034
16540
3232
691
35461
59684
10976
17011
524
8158
55771
12913
432
27100
49887
5641
40447
52217
34450
2120
58778
49465
52086
45022
28039
23563
10330
39915
32093
51588
40124
30672
45480
29669
5525
32534
31909
25181
51976
21991
37614
4950
9006
31843
47724
46964
52540
2853
38090
28455
57054
12082
22937
4149
40686
36954
58275
51252
21791
25592
32151
35487
47063
13482
26982
20560
51317
51258
40857
35378
58013
56295
30336
20357
49651
30069
27701
8685
6129
17851
5160
3450
46696
4021
9231
42632
33162
41340
58837
38374
55498
10650
42166
957
19280
16860
45920
33365
48100
23458
7541
52864
33248
56839
51060
56845
39718
55880
53145
16581
57096
50624
16082
56137
54769
24525
42728
40530
49748
11209
36472
33706
27548
29413
20003
7659
6561
22415
54744
56
38839
10177
51538
54872
56750
24640
36850
14908
46471
10763
18706
12217
46326
54463
12112
8248
34982
25035
3149
49512
11325
10056
23318
20038
57406
29660
18344
14852
38386
10571
32549
16158
52428
5988
29449
32390
35133
9167
6706
34672
21145
46575
37813
7437
5282
52438
47169
49131
15035
37382
52893
10667
6271
5716
23543
57640
15161
48848
13958
55514
22989
14375
1542
44275
57090
6871
18211
32008
7624
485
2152
59577
4493
30825
18346
28896
6559
42873
28120
48039
16901
24002
36918
40231
46752
3074
7509
1984
43839
57723
48773
10332
11438
42142
10600
7368
50551
10659
35010
40000
35824
42968
22667
18337
32004
11082
9797
30626
12525
41604
22955
58254
43732
18618
48548
43802
48461
3314
49860
21640
16333
34785
17541
6356
57594
9704
19588
7266
56947
16566
15892
31924
16025
27549
40030
17158
49811
28796
57135
16777
23377
31741
17047
9482
2961
47713
46222
1456
15546
42758
22265
26237
52712
15333
15670
2200
47377
58175
51524
53618
7586
59570
42495
26711
4309
17600
30475
37106
9680
49057
21978
21888
20683
34198
8863
52861
49337
37019
36734
41727
39586
7371
21165
9422
49391
45961
42531
14396
58925
46053
23124
16234
36142
34885
44978
16031
17932
38348
37701
11317
681
14050
26219
14723
35528
44094
6560
5386
52475
33760
11029
54444
43371
37953
11936
18202
34708
47237
38281
51034
42500
53484
52363
16367
19785
54667
1749
41403
38287
6810
17180
5440
12703
58159
9020
44067
40492
22575
47507
29491
26206
59222
23407
34125
44565
55054
14797
51110
21144
13372
17565
11062
56716
46804
59945
29292
21500
20122
34928
40144
18254
55414
45505
56028
11386
3047
35977
44267
53911
50697
5327
35402
9128
44841
25854
54890
50393
8829
59343
31156
49999
44424
50375
54995
44417
14806
39667
54047
35390
51594
34963
23868
39064
57454
52010
56298
54124
37049
54835
30560
41354
48135
52267
18055
57178
12151
40044
40463
50015
55003
45778
39181
17079
38337
27462
52460
34396
27439
19736
32801
43942
42833
55887
33720
38070
9902
4835
14365
54068
11876
26856
19411
41720
36836
21825
34514
55221
48426
58425
12789
54110
32028
9875
14061
47103
28195
56014
37488
45573
8606
59310
55905
507
15975
54562
37919
18422
14573
56061
13291
41084
15788
28007
50791
13062
10672
2787
12715
7085
28366
14155
12270
25611
12032
21358
55341
9025
6912
11070
48582
46614
18544
57795
56633
19731
34124
18851
11264
30093
11334
41927
39641
58792
27336
9851
35148
37361
31291
15987
38392
59449
14392
20671
28208
36105
3988
28196
6260
20649
56062
32560
1385
11356
51768
20033
53481
56462
22679
46295
16874
5239
54923
38214
38601
24769
55598
31963
19797
20584
12823
20102
39806
38921
11748
2997
397
26286
55447
8769
21774
14091
49315
7990
6098
37479
56153
44130
20501
58729
38540
1101
26506
45474
41361
49587
35101
55086
44234
28833
20138
28414
29261
46216
49174
9470
2870
20095
8220
57765
47301
45482
10790
53629
34454
36407
47938
14425
47644
39860
11481
55630
41142
25014
27579
20423
4403
43381
22584
26719
2901
33599
8761
33381
1361
5859
48192
16886
32782
55660
2384
44904
37411
39439
28028
42097
15554
23859
54711
4613
41366
45951
24680
26815
7103
49810
49214
57576
44231
10793
40008
32879
7238
27199
45702
11892
6897
6978
10802
15247
30099
43701
6679
50476
12350
31737
16665
233
27827
27327
30332
29596
45336
37976
1271
38120
58197
22232
50292
13443
39025
25730
15038
31494
52755
28355
41621
19376
38228
52736
22073
5571
14772
31944
57254
4603
31659
7597
8115
39461
58294
40412
27134
45542
59448
58372
46114
12288
38751
35436
4971
22892
29459
2372
40019
16465
20890
15392
46949
20399
31609
17770
16314
37333
22223
1239
29522
37083
56787
36421
11699
49832
43884
45171
28398
13454
46163
31306
5057
16876
46242
6380
34969
51666
39598
40660
17631
44869
47850
53299
28370
560
49423
2980
5832
12659
28162
5792
51287
15826
48297
20601
36480
48765
56599
15673
36110
43368
162
18510
24675
47885
45485
37631
834
28226
39621
51776
44463
35776
18234
25992
42932
26311
6624
20293
37937
54125
40493
47829
22688
54133
39043
26213
42750
41431
46384
24669
18301
12092
37749
38989
5462
55419
49541
55852
47849
29645
56919
20233
30245
48123
14101
56707
188
44787
46812
24821
50770
950
42812
8711
27258
48740
17390
31181
58695
35134
26655
49093
384
48742
9174
50912
23692
47434
15731
7794
40601
919
30604
38257
59994
33079
31864
14646
30975
43391
2906
6059
57672
12410
36335
33349
40473
32986
52989
25760
58400
42914
28648
15027
10238
25703
12194
54950
14603
30338
31222
42322
33077
39049
16593
6827
15369
51474
45311
57422
18096
50469
28287
10762
25846
45589
55149
31048
55465
6060
50277
24797
1024
56356
22895
32699
52340
6042
24189
28930
56932
30364
43925
22091
24018
3238
43258
57539
47479
51833
51941
39385
35966
17594
46796
34680
1555
51762
18922
25667
16099
9728
24940
19882
40700
46179
42654
9884
30380
57412
39021
55063
11464
7523
33971
37305
47803
57724
58191
46543
52206
9055
12163
18165
32474
27471
29684
12887
4186
42551
49969
27196
6364
28563
59801
18705
5671
8207
38976
30212
54032
14972
40227
48267
50315
6877
28358
17666
54104
34669
58724
35189
55793
6856
43543
46232
55051
9657
46944
42785
3364
22406
26110
48265
33472
1591
58771
29604
34686
36279
13603
13338
50144
28698
45405
41210
52474
23112
18304
3696
54030
135
46688
31088
43195
27834
1958
21394
36494
4659
4281
52446
31953
43541
2416
27448
56709
1062
5857
3073
10693
30928
33047
34934
59808
7570
14523
545
18213
59387
9443
29165
28957
49769
15150
3954
44643
46374
52559
16673
41445
29330
50871
4103
20580
9393
33408
46893
32425
9485
5605
10848
49492
4743
42540
10830
49973
2609
53269
53860
41389
411
48092
45301
56173
46135
33571
2196
4452
43024
56575
8231
24829
49262
51401
45674
19316
40985
26392
59509
6884
9077
47997
2193
58760
52200
45883
9901
55750
6868
32412
24414
32550
2479
6137
15873
14887
40693
6899
29280
56857
53324
23863
8767
6575
55942
10971
9830
27673
59759
11188
58541
39679
44851
29897
590
32297
23428
2156
33173
53792
9992
9906
10022
14075
37683
49980
33192
10209
30398
17074
26252
4410
58574
15747
33069
15172
37383
37698
54745
26079
57727
40832
25151
18285
17087
7392
29888
4528
13342
55417
55959
42505
37824
37904
43069
56440
27510
34652
4846
3699
9944
8099
50533
4554
11851
55101
12124
53610
21794
9406
45602
35346
51622
1002
34644
38021
2031
28214
8679
32296
24993
7991
2368
216
27067
19808
428
25692
8217
17118
59106
36518
55270
37878
46865
55310
44527
23323
10949
49706
27508
50290
27763
15771
6420
34155
20188
59314
542
6882
8236
9418
2623
52398
23564
51885
36694
12069
28354
11238
31014
48181
8790
33992
45447
23897
52289
49609
2087
48401
21890
32279
9511
24572
27306
7713
36476
11881
41839
36960
13100
44143
34755
32814
10528
18620
40453
24688
44824
13907
44566
42211
5706
15781
55364
46388
5405
12605
34842
52186
53142
26412
33535
7350
58157
51697
6756
28900
21707
39987
58405
40529
8243
47325
33451
6503
25955
29561
41760
38647
22294
15463
22539
9972
58553
48585
8400
30254
10257
49743
22949
21969
54377
10968
58855
8198
56203
12661
43727
39723
53671
53513
48671
25693
1753
22609
896
17503
29885
58100
4788
27786
43765
52324
42811
32926
15157
9689
8823
20459
29770
9783
25920
53691
32695
52943
2082
45628
44172
6501
64
37087
58426
34250
45343
38443
47083
20888
25919
48454
12884
7486
44110
40338
48056
24253
25743
9227
48677
27881
51385
22771
53351
7093
23637
27605
20445
29730
44604
51735
40579
50672
31647
14561
13989
40129
6207
26705
37491
16230
22397
39531
4952
21901
42717
57367
58094
31359
2962
37759
13074
58728
31099
41966
25788
51146
44438
15065
28425
34301
33041
52977
24014
13484
13138
28126
55426
53038
50345
39593
44154
20896
4416
3968
42336
39084
3188
36523
36430
36570
26134
14252
16594
49745
45018
47946
24809
41952
47101
49478
45467
5815
12721
6376
3177
42025
24272
8622
36478
39162
57499
9277
55146
5074
43453
43225
54738
27076
17894
51494
13972
42255
57652
21883
24150
10794
17656
5872
40053
4759
30979
27117
45088
25036
5008
36097
18928
56090
30201
9639
46686
51007
22739
56987
17842
41083
39139
48885
45575
30271
51891
28632
55495
54784
17218
4091
20734
35032
20804
1538
11443
47030
39303
7053
49129
25774
4388
2333
34452
20971
34712
50177
40963
31562
24090
27793
18839
23269
1090
43602
10474
9899
24120
37709
48824
20332
55641
46233
26543
10715
50541
50219
13811
56708
33617
31200
53943
18939
44243
10947
21105
22204
34789
14207
32170
23494
7642
1569
46834
6581
27802
35919
24824
31023
20953
15645
59935
47752
1163
58461
30555
2511
42404
51583
2195
16219
47295
32973
24723
29549
43265
50310
57585
46038
36620
8702
33443
14795
43843
1449
17904
15955
48438
21236
33681
54407
11931
57032
30429
28285
17544
14441
25720
52545
48171
49378
42718
46892
10654
46656
46418
57844
32843
35954
12511
46077
31174
7950
19084
8325
44083
56467
48141
56571
12740
35265
27080
36552
33847
56884
46648
6475
1810
49824
38229
7807
10295
45513
6784
21836
16315
38667
54725
27838
29179
36553
13490
23473
42935
50740
27209
16131
20587
34489
39003
37763
35655
32634
9201
43646
51077
47633
31137
38946
6598
21034
51642
47809
37346
52952
16460
55915
42200
19368
48611
25315
49850
6860
39695
55328
8341
53292
1251
41075
35678
49803
10143
611
30395
13259
47155
9515
58911
9702
33227
51093
37008
46705
3816
51574
52849
18417
10374
37801
28685
25070
55449
22996
21336
26452
52334
3359
42063
26656
26796
20045
8859
16153
5320
37357
48173
9706
15183
40064
3375
39720
48705
39106
55290
18702
40213
54618
31079
51061
10424
38792
52668
2968
47967
14371
21480
15213
2430
32148
8484
46360
51602
30914
3393
11716
527
53551
1026
18061
12673
29336
43655
28761
40215
29194
22442
29355
25488
10390
14233
35792
77
55908
25916
38384
8374
11941
54573
43150
59383
4874
10472
20000
36106
32407
46559
40284
20353
30984
40344
43002
46889
50234
10786
51241
57597
32734
28186
2379
46596
5991
21930
33884
10512
3209
54175
6979
44090
57993
11284
40314
33344
12294
37102
52928
10499
16007
21065
6608
54551
15105
30304
7678
33610
31352
1175
49972
36255
13770
46638
1156
12581
9343
33132
32773
40472
15386
4819
19377
1943
34625
35732
28701
53472
41837
5602
19077
59176
16157
32778
11726
20013
55030
576
47189
16940
51888
48756
4605
7110
24195
43990
54136
59991
16635
2890
8191
17569
53349
44026
26681
16720
44784
13548
3507
4680
44031
23231
2812
24196
57404
1614
25100
58202
25754
33772
39320
42104
28515
1736
25736
41043
30574
57258
53534
20118
17553
21837
44315
10548
27048
34086
6110
55642
38781
33104
7672
29835
49365
34979
14047
22930
40139
47982
25227
19850
48139
15589
50027
39736
1278
38204
32574
24569
46986
50263
12507
52974
13052
2719
16321
4038
2866
13878
22260
30684
40856
57580
40068
5275
27162
19471
34043
22997
29412
34292
30097
40599
5965
38704
27982
3414
7162
21514
16591
48983
53022
11652
37707
99
21416
58199
19138
16490
8316
15144
22457
47934
6259
51908
40448
19985
11734
39052
40571
4604
5521
37387
881
3178
44518
40424
3401
39196
14591
44657
57185
10175
32925
30085
21849
31838
2577
59660
35283
56179
652
37672
36201
3488
54296
10799
5291
10444
30275
40625
33291
3855
39044
21484
24509
17895
6736
23021
57663
36949
17174
49314
31682
38563
37958
54747
34640
43553
20125
54282
2932
4624
39973
44382
5189
36034
44642
31272
9495
39546
16037
46453
27630
30463
25220
40226
36903
85
20101
32847
54962
39011
50829
34958
56189
38568
5199
7658
51323
46657
57851
18779
13926
31596
25270
8337
33983
40325
4078
40076
19726
26298
53508
32830
37521
38446
16051
56835
28752
34444
15218
41541
53706
32363
49851
39660
29987
35928
7993
39994
42888
58414
5583
19384
16733
35887
18560
18135
48559
1152
37370
47428
58711
51772
48215
19852
59010
4313
50075
38358
46928
10198
19052
23522
25124
27958
54919
16974
16001
24123
18026
44747
57371
14277
59488
51824
29923
201
5673
25354
27864
15149
3966
29067
32493
50249
42687
6550
24176
57829
17740
50259
33146
13562
24390
56526
55029
39922
3559
29781
55657
37448
34212
38806
10887
5147
23192
24856
4197
32767
52530
27541
48383
22706
49906
40440
27877
11376
57890
32629
22746
59629
10375
48283
54736
46168
1286
6378
20772
471
28778
22065
21530
15204
35698
54149
37455
5718
5995
34991
23332
38193
1031
34612
53906
17687
50051
35371
25850
641
42204
5591
9011
54103
18938
55562
16867
3117
12420
22559
24553
19191
51269
2867
29874
53895
9261
39231
47138
4896
34446
38866
58319
15976
46510
1909
27150
6919
43941
48417
25679
13883
38490
46914
35017
38491
48966
8202
27264
31060
25163
25530
58744
26817
29455
44490
32641
29495
42335
17407
44071
45583
10640
40509
39029
4785
44033
49362
38949
54317
56608
3530
55172
7818
46932
46549
58829
40898
43198
20194
18728
35722
30536
37532
57973
51137
48792
26272
36051
4926
44423
56371
22096
32101
51856
29440
38389
2026
30243
51189
34555
6252
54529
20354
22528
53959
8501
52912
5427
58865
47483
13747
32038
6100
53598
31497
13041
34517
15540
29284
49869
54780
41633
5876
32458
39799
55253
17035
36896
23743
27563
38065
50641
39638
52590
20992
55334
59438
31325
26070
41197
30073
49805
34525
45326
22230
51361
55477
45255
52980
59611
14474
51994
27300
32746
22191
363
41095
31371
20514
5041
29536
53028
32979
42388
26348
21524
36310
57478
30183
34721
35519
12800
1770
35870
48612
36816
30827
15790
43952
36495
55616
26682
36912
6205
570
49689
31396
41846
52873
59300
3340
44428
47222
31680
11792
33657
12752
40827
50774
14384
4519
12556
29036
17917
36066
17772
47643
48575
55343
42947
59154
17050
17711
13630
16929
44807
38771
8377
55000
18889
15472
19392
21043
27772
55125
15016
50992
30707
33471
4845
33183
24955
46968
35414
24285
32445
57206
22614
16877
24543
12914
59612
9932
57623
9749
40756
30386
25286
24110
12614
41112
32271
5434
50893
4549
20155
14249
26704
74
29772
42592
5347
59312
19525
19272
11432
44207
3118
25892
59011
11609
16708
700
56564
7189
48358
7224
53123
17952
46724
34009
41453
39675
13935
54625
8625
15419
49853
29665
29441
15617
10982
56444
13390
35413
54976
38804
24223
24613
24472
34383
2802
23036
52939
29687
25063
12964
3182
42530
34057
23169
57872
42031
42952
41038
58623
4707
37954
56463
50488
39462
56509
15582
29912
33924
4985
32063
52425
3089
43883
48686
57211
44623
15357
13330
9048
17960
16730
32078
34537
33778
27435
21703
39861
16579
47017
30251
24736
27906
11006
42945
28000
56099
23014
16975
35033
17502
14228
35087
33529
45471
31288
8981
42973
28653
45960
42963
26395
24088
20701
29532
1803
7764
46447
28672
34744
17230
5532
45129
11757
2345
48059
50943
4511
58809
56327
39429
12162
30351
38560
26364
51260
44577
31898
22335
3485
29793
22689
47779
475
26678
51163
21865
34249
52670
23920
29566
7685
32559
39520
51203
44307
10875
19660
4162
53370
55061
12961
11024
39745
53245
17699
22644
42423
34504
479
708
23705
4772
6874
53357
24609
770
48920
54272
32265
16906
4953
12098
486
57604
37810
54268
29188
53330
18415
38094
23799
32000
39733
22070
47328
44137
53170
29986
55473
36321
18848
50980
52911
52072
22625
32456
51264
38991
37034
49982
55828
56693
48523
5479
45858
8396
39171
195
7311
46459
20084
36197
31299
58368
53575
32963
46019
4354
1726
35709
54156
36099
53816
53939
47050
46772
11570
57548
26729
24583
34779
59960
29082
12999
48308
17354
3868
16769
17778
19811
6173
14388
36048
25137
3915
37756
49340
3253
11915
21206
10247
26381
58819
23270
40887
4699
455
39730
5933
47092
37430
52875
21734
40753
10522
31095
40793
21982
4957
15827
53665
10520
10356
27019
43048
6842
35322
52541
25676
44149
32230
46199
12973
54289
27010
9300
11360
46124
14615
48594
49698
21245
38062
54793
14808
36203
19274
19110
11077
38183
33943
33737
12251
26825
35642
43678
4972
54673
11889
14636
49475
40609
21217
27923
46516
10440
38172
21735
47617
3833
58360
21326
17554
23923
36102
40619
56276
36001
21665
22917
37128
46533
2237
44820
5938
44387
27481
32876
21050
31726
23374
4980
31701
33694
30089
38815
42196
22602
28895
29883
59322
19176
5587
37198
38964
47024
3343
24712
18229
51083
42647
4438
10076
23391
50484
21348
17808
31509
45342
24977
16502
6710
51613
32156
2037
28571
9435
33898
16024
36032
45429
32324
3027
10970
50710
15306
12874
55910
55258
31751
47733
5847
31071
57514
5530
56451
32242
21169
4954
39669
18461
42301
48040
2850
41811
29047
968
10417
37811
17382
14036
56634
11132
3599
30816
41460
17780
52535
27302
37035
14215
44058
46072
58831
2448
17152
7853
10199
17978
18841
34683
4243
36275
48178
36268
54918
30855
35973
45751
22195
50151
1357
22454
2413
37507
2690
9242
19098
21048
10774
30660
47778
46571
37076
11258
47257
49581
26269
24737
8130
18590
53163
52177
13690
48316
30584
11827
57373
29786
24957
30132
51579
18587
45580
47286
33195
24114
25460
11069
33236
29728
9580
5030
35869
5637
37100
46861
7545
59709
8743
58261
5999
37981
1469
24229
17147
10435
47546
52409
47317
14926
43633
56757
15959
9063
20747
25157
50677
26223
31451
32927
14593
53995
53762
7771
52228
31725
29003
47065
140
38492
53507
59169
7527
56506
7388
53926
42327
22729
48712
59628
45414
56792
56310
51967
31613
2524
19323
16331
37708
29234
31636
45579
27815
23717
58609
23162
51928
22694
43001
53429
50560
22540
12886
17210
19446
59360
3203
9716
52845
22935
45545
32092
56453
23513
51669
57047
54179
18406
4581
53430
30498
8260
23438
48992
10014
39414
58985
26920
37574
40400
17339
32369
45506
48637
28691
18685
2913
3083
57076
12236
42581
53676
16096
36824
39595
24371
46616
39501
12519
5963
43855
8077
5887
53908
18271
50804
19526
4936
12404
22018
36306
57088
24534
43528
25706
58295
7796
25302
53201
26933
43157
34347
26177
32289
14704
2077
34469
56123
21319
9165
55360
53151
44347
29252
1343
1142
44538
9862
32679
53734
51174
13816
30040
13472
10613
12569
8405
18805
15477
9466
14405
29572
34080
5256
59221
29477
45010
39972
43847
45223
27206
32950
3640
19481
53372
54040
9826
5066
56091
47033
29777
41963
5951
28739
5091
58056
2417
29122
38716
52732
34482
4592
25954
50316
24890
37654
22487
56590
9191
39336
48243
14812
23805
24983
29985
24835
36499
57019
55089
31627
33881
13251
18882
37458
39682
28920
1329
39179
28062
21745
21717
20612
58433
48097
800
57708
41481
10855
42541
36350
27282
21622
3670
35306
41526
33697
14304
42590
22338
24922
20148
6937
47245
33693
19650
21103
56568
26813
30375
1209
31083
48445
28156
4145
18731
43665
8993
26066
21388
10789
2261
50213
11134
37472
57802
13946
51310
6700
31566
48815
36603
51591
11975
11507
50525
29521
39596
2389
37223
29128
2963
33633
6746
59659
26423
3746
38984
27104
17346
55432
16846
46937
32529
16899
44621
29810
53751
48694
43746
37442
14949
42562
30934
2170
52243
15600
46742
31422
47339
41772
50509
56846
28034
26082
24488
31080
44233
51001
30523
7175
49831
36854
38641
47745
56419
43683
28564
43067
13965
36917
21712
16204
27047
2405
28042
46174
53979
55618
23910
58751
46212
23985
17345
12991
20292
39211
3730
53840
52061
17900
908
38784
27812
27566
26894
57329
16653
26658
45956
19959
42199
15533
10647
29244
33733
49712
44021
58071
27465
51152
10590
50742
32376
30146
50050
17202
15765
48688
43289
42037
14181
54022
37099
24312
52565
10767
1809
26591
32551
3033
10915
2395
30904
1114
32066
42608
2715
39770
31723
57985
41707
22319
49829
29936
30006
57510
11109
23050
13567
33185
54572
4166
12985
55952
53211
39521
45713
9633
45788
53380
24644
57011
34170
53353
22116
86
16646
47315
39465
13550
30538
10828
22098
52707
36638
39468
53442
55695
40612
15123
358
22330
55888
50340
9334
44571
29127
13414
20829
35983
4923
4876
33284
12015
44027
35828
14950
35772
34203
12866
3075
43928
6344
25483
35609
53444
55211
25650
7941
52544
11108
20855
3467
30026
22670
32919
22295
57327
37149
56219
38572
39327
25810
46531
42128
55708
56686
30925
48462
43222
22636
21467
12414
49454
46853
45576
5038
15022
27221
18661
15104
46257
54492
11357
58615
8242
30636
19776
33567
6574
27843
43147
40816
18875
30944
20615
11904
43959
18177
27250
1125
1959
1224
49385
38445
59250
51648
8457
46107
51730
43120
345
4003
32455
19023
12992
15083
2582
38842
13282
26749
2696
11498
32953
25851
36226
50928
21839
49395
24794
41668
42389
54966
11995
19966
11705
18760
50938
23726
29784
27177
51746
22820
1203
57906
49625
22426
22023
11820
42512
20085
40990
56523
9499
47891
54971
53398
37449
10729
11385
29849
20507
1258
3452
43951
19445
58221
36454
42340
32752
59050
3969
38502
41137
11812
29758
30061
8459
2007
15702
21985
6739
46043
56347
17368
8541
37626
55046
7660
16965
26419
10911
35691
49342
38103
28600
50222
53155
46546
34701
11913
51399
56098
43846
53874
26339
39971
7244
38987
14487
13113
2339
50061
28683
56848
58801
39291
11692
53990
35222
18355
32062
46726
32663
22677
33413
38791
5459
48041
43764
13767
47533
5860
30615
30005
44768
38618
34787
28394
33485
11120
58210
58272
11347
5958
8567
8719
14359
32256
33386
16826
49302
46627
46896
47080
48459
31853
11380
32828
36735
28850
29591
3831
9644
14847
21240
24749
1459
25023
14089
9930
2760
39407
16601
31724
57749
21386
30154
59932
52412
59143
38724
38590
31519
484
21662
2646
19336
9102
15411
45950
31692
53364
7310
38959
55949
32658
47007
27542
3542
8824
17931
53817
39652
44602
23080
19862
36457
59694
13627
4516
34010
54184
199
1189
13262
26185
49196
48193
33188
39887
21294
9759
13981
40711
38267
46654
19517
14330
43526
20941
41500
44111
13626
8401
13710
54475
14116
51874
29126
27225
18235
28375
14130
56793
38186
28246
41861
59479
28585
24527
54284
5855
5652
29759
59823
21765
30787
55128
42950
42901
13879
19599
57524
43944
11309
1127
41351
44276
6808
45338
26473
6906
53341
28079
163
11577
37855
59490
24293
7770
5490
28406
58565
47600
17549
24742
33768
38867
22711
11801
3233
47905
54997
57726
26625
21357
28824
28565
42391
18222
40184
59830
49815
49816
49472
11728
43612
51857
46847
18936
46840
2841
11893
54969
56764
42665
59766
35347
30837
33545
10171
17683
21870
2523
55303
11363
2484
17837
36090
34743
10977
53057
3263
9673
55027
5956
19464
15457
27661
55536
3154
35603
46900
25780
7633
2808
17154
55658
30931
35971
20744
54035
3818
58029
55126
28923
32633
14287
11501
55423
17707
46301
7839
14748
54716
32466
37674
57848
6132
49191
14537
37940
42589
41502
48288
10172
43056
46922
4222
10265
29350
5267
41736
51811
2828
51882
51653
17877
52807
28910
13187
50318
25278
24227
2232
37617
30513
48737
2270
14642
45361
30657
25091
49765
59814
26952
25771
55927
28634
44944
45206
25208
32942
10727
57900
52434
45271
56892
31075
48872
7012
40674
21775
58902
45764
10065
41900
37440
1918
24847
36130
12513
23126
33460
3601
54055
41065
49054
20325
9166
12437
17484
8085
26671
13277
35312
38522
52462
39404
34089
36729
23721
42397
7215
47922
52232
44694
59317
398
22530
23427
50679
35668
22827
35918
37961
7028
14554
55593
54679
38539
48572
51069
25853
54114
7741
50807
12700
57347
26169
26259
37550
51461
40644
34358
48154
27770
26479
16344
10628
52846
25294
51125
20851
56223
44569
19045
25486
50461
53803
58851
16281
40655
14874
17129
37270
8869
19678
13368
48435
53667
32178
17349
58227
27637
55606
16745
15602
13141
7566
23461
44152
29994
54993
31869
34215
58055
5187
6944
46414
44211
3474
47666
33646
41264
26403
28782
54963
36748
27811
4813
53637
12664
151
29149
13112
57325
44047
52033
25604
39623
46478
15855
2551
8518
36191
17021
23053
24701
7151
42242
45829
20206
43415
7034
40230
59654
19872
15059
32837
18380
44948
44924
53153
6080
31824
13530
4301
49182
47254
5787
22750
16656
16905
22628
58326
32410
26341
28865
47285
41358
9170
7952
53627
42224
13392
31266
30652
6772
42594
13901
47038
19851
32565
6992
40125
59705
35450
39996
40267
4085
35701
27606
1936
322
51643
55511
42650
4798
15352
34262
45877
12329
723
1387
17136
15112
5814
4061
14776
27667
9024
14105
14345
42552
37884
22823
21910
16138
15849
26703
40581
49156
1563
35760
34118
3200
58678
42300
35661
47271
34229
17607
9523
40901
5438
59232
32524
57158
37112
15668
31631
39227
29755
17532
21880
41555
7075
9272
40614
35287
30767
41398
988
55829
11249
56309
4693
41470
51412
5382
10099
57503
56861
50616
5600
51350
58621
18157
43128
39505
16789
16981
36974
44203
6209
43563
18567
16924
44911
8488
30921
37817
53647
17617
39715
32485
54967
45596
10422
25514
11170
8997
13033
10649
16149
58701
24388
21916
22921
42276
5834
59061
48183
49963
54979
13674
43868
25115
19025
34312
36622
10343
15362
10527
15823
20201
52827
18823
56201
46640
43204
17974
12773
51884
45425
24685
43813
7640
23027
4696
55217
1005
57819
26964
42133
11199
36192
47098
54585
8383
11251
57125
10105
52050
32064
12527
1797
48150
40828
38911
19498
45403
16795
49981
38351
55385
42357
39779
35506
36848
23607
33282
31803
48494
52039
18961
3225
15198
11327
13792
30653
51619
54155
10725
16197
28252
54304
194
56819
56436
59658
54805
6496
30164
50606
40297
54567
54818
28232
23814
30328
5588
33006
31397
50539
46633
37231
6073
47584
31832
26300
3909
25394
13127
25045
5627
22272
44813
39834
37664
42623
23364
52125
3825
43338
16229
23704
47378
20673
25775
49691
57737
1447
46449
59313
29501
9793
31996
2664
15121
32916
22741
56745
6885
33219
18319
17757
30482
4182
59922
36783
50020
21783
42555
13300
30763
23013
56182
52511
13045
9094
57568
24787
54846
6416
41414
4198
59754
21323
25861
58908
2030
48814
53303
10929
42684
26309
40939
46126
12689
6742
21413
20280
41374
10182
31475
14952
11695
48223
30822
29921
43429
43201
58070
33923
2146
18079
1493
18377
14019
44956
11897
16202
15777
7801
5300
37356
23380
22218
14716
26001
15413
45452
40191
15877
29071
40439
27164
58513
15257
5764
27670
9532
12732
16514
24578
29
31947
46931
16689
11322
26976
24830
1320
29743
48049
31874
20294
19668
27517
22961
27777
39108
46786
55676
15007
49401
33320
10305
55305
22486
39158
47704
55687
17048
36497
26802
34174
39089
13382
29044
56668
47751
31847
24299
7791
23788
55716
49547
2370
54701
34015
3631
17632
29756
2244
30116
56694
44553
10473
51862
30810
6089
46371
9524
55281
20770
54338
47438
24487
21911
34371
19114
26280
19576
3451
42155
3597
21846
44244
31979
11207
14970
6025
16535
36414
53547
25275
37906
27819
51628
8168
56125
53772
20505
55839
32822
42402
11220
106
33807
41224
10604
53801
5231
33731
42241
24354
9172
10753
28769
57874
10010
26170
42577
5708
53346
14681
23741
8036
47274
33426
4501
32983
41364
30754
34999
35827
7564
1412
11959
37609
3807
21583
20693
5039
39076
19119
3607
44892
2159
48782
12171
32737
46332
8454
5148
38280
50210
9458
29218
36833
13517
35049
17290
3806
1138
41539
11412
43154
54751
58333
36754
42284
42106
5621
2002
48089
8167
50500
49382
42372
53360
22419
21181
45006
26234
6274
16651
3713
59339
26274
9567
42302
9236
22576
44648
23832
4318
17948
3894
24864
1510
55578
12407
38111
19068
58308
55274
29797
11100
41352
22045
47517
39230
16306
52158
36115
53171
38423
3735
54724
14486
11655
44121
48187
19505
56158
47097
14352
56485
42960
31487
27154
39249
13014
38702
20448
35488
48812
24719
1453
57079
14678
18826
23567
19322
26521
4853
36507
5726
11343
8086
32127
283
25769
54513
38189
54668
24710
14456
9365
12793
41961
37015
44101
33315
58947
55208
35551
41974
39763
17148
23463
6755
18379
28278
45749
38363
46815
51111
40432
55794
54323
27610
43980
58211
49055
20811
7142
57877
5611
18749
6780
17088
27737
2821
43670
42262
21845
25598
49121
56140
1676
40570
59849
3319
32980
28096
43124
15834
49153
34510
13837
25935
56402
14232
34873
6753
40089
14143
8001
4025
20007
21804
35056
8446
18314
44195
25511
30969
48768
51406
22832
16278
29083
18755
21350
19600
23207
40975
32360
53672
22323
11465
11565
9291
59696
13219
15893
55707
51705
51268
4782
59336
30809
40162
50809
36379
20171
16297
36561
12583
52919
673
28409
47443
11167
10087
14141
49792
26764
4047
57080
47385
53819
20147
7789
26138
9021
18287
47270
13217
54369
2397
58038
30244
21636
32502
19652
11000
44218
52000
37319
42508
41609
29844
21123
56344
31949
17785
24336
25416
49277
9380
49238
52003
57995
43307
36965
39339
10820
21798
46522
20486
37880
41165
37572
10245
6091
58610
30518
49199
11790
939
24774
44264
49402
6576
38085
44758
9845
31005
17858
40235
15308
3639
27665
25708
17943
31661
17625
659
41740
28623
36505
38182
28909
17416
2892
8671
31486
23526
43991
37167
6279
56719
59028
17648
55406
38035
8858
52739
53262
16379
28400
23357
33718
51678
28758
44431
9891
53601
56129
29906
12725
45008
43820
2522
38565
11690
5184
24876
58788
6611
4265
49820
10336
11869
15066
51786
10986
49886
15490
26074
50067
30497
35120
58626
7178
52833
5575
56939
9823
49758
49626
30088
16894
608
14224
52065
52992
37858
1492
12050
13731
37833
52684
56810
10370
32511
31173
6626
55692
47851
9017
57262
27320
49290
51353
9829
37942
47655
7729
39629
9806
50649
33691
21934
24622
25356
6584
54698
10260
58318
54115
24897
35201
3299
52975
13645
3890
36469
23061
28469
49826
35771
38424
32219
37304
39215
16311
15167
34930
43715
54937
43565
54105
37899
31263
13271
13742
42815
2658
36265
14813
12506
29956
53592
9469
40232
22
26614
42005
33125
49544
2889
47389
30295
18085
47750
27712
26896
9100
45244
11920
45821
15103
30623
17280
44334
5783
22361
44032
25728
2735
14324
30246
26579
26418
46358
2921
51292
28561
45217
48584
55234
5700
41002
30991
49020
2950
24063
54882
22761
15277
21215
35990
32134
37735
20287
8250
46007
13743
42851
4882
53773
28950
9652
2503
25136
27455
2572
21221
51096
58781
23816
49966
25724
9210
27584
2496
10067
35582
4331
6114
51032
10759
15021
50192
3060
275
22111
42701
59091
