27192
27198
43621
25840
47908
9743
58815
42320
20862
511
44836
31997
7618
2032
16739
2283
56882
37822
31754
40116
31982
52768
59346
12896
983
57151
34858
46658
21805
12398
32457
40949
2956
8613
2733
53187
82
24024
26722
53720
28472
32074
4513
10545
53620
26618
48500
57911
58456
7243
45002
33278
58531
21466
41221
14799
1020
14765
1722
28665
48563
31346
48409
24992
43060
13884
7406
27002
53018
4642
37218
49848
21628
39543
1575
30664
22531
55870
35383
15522
56278
53107
39394
4733
21037
32095
13106
4077
29573
13256
52744
6202
35241
51667
5866
48906
5250
39193
47958
1866
39343
30514
11849
37782
54557
9014
50378
8976
33224
50082
28240
12355
22444
17350
15193
14370
393
2810
22780
4008
26224
55906
18847
46317
13956
44578
18541
13775
59105
31775
2467
51927
24122
33200
44647
55798
17538
36948
3545
50039
16445
39071
42208
38965
26962
8091
30976
4750
26030
12467
28704
57176
48213
55016
36971
30992
20210
20067
27919
17784
29093
54090
32905
39091
26371
52184
3329
5689
51284
33539
43029
4017
20214
19155
28309
19250
58583
41456
16709
21032
54989
41131
3654
18995
2964
37012
5297
34688
44583
39819
26709
21945
24961
11305
38037
8028
53925
2378
44867
37716
45927
44939
1284
47183
23504
44313
11832
29563
33578
34319
14873
50271
9900
38022
23271
46636
12102
25016
38524
16866
57063
56721
40688
36715
49078
59393
1021
37288
50163
57235
48573
51993
54014
34582
45055
17827
28637
31748
46481
487
52249
59997
58153
38955
22876
49312
38451
53046
17124
48098
43749
18932
51242
36722
41843
55774
48997
45159
57144
24296
41178
1777
29492
47129
19024
8737
55944
48078
24146
29900
40952
7336
40258
27516
25192
3763
33226
4715
16904
23418
2480
18138
34974
7677
34507
42400
35296
20376
25171
58582
1297
53063
53641
35832
34942
53152
18280
43476
26530
6631
45303
6908
50529
35896
32164
25987
41765
14745
10592
32903
14986
12193
28781
56166
28825
29848
21235
42781
10151
47492
36617
19258
20474
41737
25589
59547
15984
38356
49317
40514
25781
20873
30431
43861
20910
1830
3562
30206
11740
12813
11954
35107
14122
8947
28190
55252
54542
46692
21743
40897
7989
28463
37662
15565
14660
26685
46420
5153
53670
6003
22560
44805
36482
27315
15883
26641
4925
21656
26159
31493
45109
25725
33305
22804
47956
11411
9143
51572
257
48547
2567
52487
27380
20694
58499
48641
43895
5840
25453
25709
10542
2462
47743
57757
34222
26243
48709
27079
13593
6297
37666
35001
8226
59595
53403
21241
44769
48805
22213
33473
36632
27933
51170
40621
37638
48958
27427
32328
29916
56131
16483
45227
29767
19233
15319
29648
14532
38261
53723
43812
52653
50707
27554
51780
59014
36150
3910
27034
50414
14447
1034
22791
52022
20150
5607
4225
57082
1963
8056
46586
29655
685
6498
9671
45118
40805
16950
29274
56868
44297
10516
10261
7059
13487
25391
36938
32845
56741
33753
58487
19201
39734
46432
30776
6818
38697
47952
1509
39238
4670
4308
20713
1405
4729
36313
29216
44489
14962
34404
5193
11487
11026
30102
28755
46776
46324
3851
54543
18299
14560
37441
41620
48614
33598
15396
7891
34134
29889
50822
23680
22030
31639
30145
47632
2326
895
25994
28245
39836
43722
18698
4151
38220
43609
5174
34465
23830
57296
59409
53394
30539
23424
35513
18088
40737
47476
19904
36170
33222
21332
16292
25609
48989
12753
8044
28353
20845
18602
13239
3612
41265
58739
6418
4404
28726
42703
44510
12046
4577
17254
2661
49554
52454
27188
43456
58958
12147
43376
5865
22430
48370
28108
6400
8043
26921
36324
43331
17251
37242
18684
41308
9287
44190
56649
54898
24960
4072
2442
33908
57716
24060
9310
33449
53935
14801
46789
58304
25031
49552
32981
