27192
27198
43621
25840
47908
9743
58815
42320
20862
511
44836
31997
7618
2032
16739
2283
56882
37822
31754
40116
31982
52768
59346
12896
983
57151
34858
46658
21805
12398
32457
40949
2956
8613
2733
53187
82
24024
26722
53720
28472
32074
4513
10545
53620
26618
48500
57911
58456
7243
45002
33278
58531
21466
41221
14799
1020
14765
1722
28665
48563
31346
48409
24992
43060
13884
7406
27002
53018
4642
37218
49848
21628
39543
1575
30664
22531
55870
35383
15522
56278
53107
39394
4733
21037
32095
13106
4077
29573
13256
52744
6202
35241
51667
5866
48906
5250
39193
47958
1866
39343
30514
11849
37782
54557
9014
50378
8976
33224
50082
28240
12355
22444
17350
15193
14370
393
2810
22780
4008
26224
55906
18847
46317
13956
44578
18541
13775
59105
31775
2467
51927
24122
33200
44647
55798
17538
36948
3545
50039
16445
39071
42208
38965
26962
8091
30976
4750
26030
12467
28704
57176
48213
55016
36971
30992
20210
20067
27919
17784
29093
54090
32905
39091
26371
52184
3329
5689
51284
33539
43029
4017
20214
19155
28309
19250
58583
41456
16709
21032
54989
41131
3654
18995
2964
37012
5297
34688
44583
39819
26709
21945
24961
11305
38037
8028
53925
2378
44867
37716
45927
44939
1284
47183
23504
44313
11832
29563
33578
34319
14873
50271
9900
38022
23271
46636
12102
25016
38524
16866
57063
56721
40688
36715
49078
59393
1021
37288
50163
57235
48573
51993
54014
34582
45055
17827
28637
31748
46481
487
52249
59997
58153
38955
22876
49312
38451
53046
17124
48098
43749
18932
51242
36722
41843
55774
48997
45159
57144
24296
41178
1777
29492
47129
19024
8737
55944
48078
24146
29900
40952
7336
40258
27516
25192
3763
33226
4715
16904
23418
2480
18138
34974
7677
34507
42400
35296
20376
25171
58582
1297
53063
53641
35832
34942
53152
18280
43476
26530
6631
45303
6908
50529
35896
32164
25987
41765
14745
10592
32903
14986
12193
28781
56166
28825
29848
21235
42781
10151
47492
36617
19258
20474
41737
25589
59547
15984
38356
49317
40514
25781
20873
30431
43861
20910
1830
3562
30206
11740
12813
11954
35107
14122
8947
28190
55252
54542
46692
21743
40897
7989
28463
37662
15565
14660
26685
46420
5153
53670
6003
22560
44805
36482
27315
15883
26641
4925
21656
26159
31493
45109
25725
33305
22804
47956
11411
9143
51572
257
48547
2567
52487
27380
20694
58499
48641
43895
5840
25453
25709
10542
2462
47743
57757
34222
26243
48709
27079
13593
6297
37666
35001
8226
59595
53403
21241
44769
48805
22213
33473
36632
27933
51170
40621
37638
48958
27427
32328
29916
56131
16483
45227
29767
19233
15319
29648
14532
38261
53723
43812
52653
50707
27554
51780
59014
36150
3910
27034
50414
14447
1034
22791
52022
20150
5607
4225
57082
1963
8056
46586
29655
685
6498
9671
45118
40805
16950
29274
56868
44297
10516
10261
7059
13487
25391
36938
32845
56741
33753
58487
19201
39734
46432
30776
6818
38697
47952
1509
39238
4670
4308
20713
1405
4729
36313
29216
44489
14962
34404
5193
11487
11026
30102
28755
46776
46324
3851
54543
18299
14560
37441
41620
48614
33598
15396
7891
34134
29889
50822
23680
22030
31639
30145
47632
2326
895
25994
28245
39836
43722
18698
4151
38220
43609
5174
34465
23830
57296
59409
53394
30539
23424
35513
18088
40737
47476
19904
36170
33222
21332
16292
25609
48989
12753
8044
28353
20845
18602
13239
3612
41265
58739
6418
4404
28726
42703
44510
12046
4577
17254
2661
49554
52454
27188
43456
58958
12147
43376
5865
22430
48370
28108
6400
8043
26921
36324
43331
17251
37242
18684
41308
9287
44190
56649
54898
24960
4072
2442
33908
57716
24060
9310
33449
53935
14801
46789
58304
25031
49552
32981
8429
34758
21064
45608
2145
11712
59571
40246
29257
51374
54135
34412
20105
46089
3563
11057
4799
10109
1363
1497
22181
58185
40405
53777
19301
22980
34520
7361
43735
11015
31349
2470
13022
17756
15203
18433
15683
45295
12873
55437
32082
31491
39673
52141
51721
25549
57375
39432
20384
7192
56911
28914
41080
25843
44667
38840
19085
47911
55466
1073
43422
46526
12615
34156
8730
36390
10490
35861
36698
26033
58374
44853
19783
19265
15521
16631
24041
37505
54539
38104
24112
27735
46221
8165
32652
39254
14638
34724
43981
56744
36968
14614
10891
12429
5878
8974
46402
20613
30327
6905
51197
6869
54196
4116
32514
220
54417
1312
11333
23488
53557
33836
15899
8045
46757
8452
42309
54345
8483
50930
27783
52429
1069
17317
56533
7634
22758
56005
42714
48521
5266
36629
7580
19583
12206
16303
41045
16542
17746
6117
11564
6246
26863
44002
33717
56943
940
48606
45053
59241
59822
50727
41801
10108
11436
30188
7880
54274
67
42026
41256
36101
11660
18691
3377
55675
6426
52091
49421
25098
17934
6228
41176
44167
30765
48954
1717
40428
26228
33546
13278
2727
1027
37299
38153
54399
31051
45813
10079
47855
48657
31568
32853
28891
58273
59334
27829
3630
3790
46087
24155
376
50041
49463
37340
31873
49641
14794
764
23453
41622
4363
54694
1308
38944
23204
41373
55803
28216
21430
33649
55770
3475
46466
1257
34772
30798
55758
25550
404
58806
5592
35463
22368
19719
50350
33972
25640
54045
33820
48836
2836
1288
39930
15117
1006
3836
24761
48849
16692
9886
42435
41618
14400
9402
13817
13719
48927
12904
42737
57475
40573
41236
44099
49716
47760
49955
21349
35891
12630
14885
5371
41315
52704
50033
59496
38881
27953
1072
14438
53185
11138
51931
53455
52113
57950
52592
12065
23480
59055
29754
45722
38211
49486
36544
9037
44659
24907
38975
15384
34699
28888
35764
22186
52803
28722
40593
14853
51215
35871
40520
8640
50339
44482
16630
2639
43641
26045
20948
28474
37344
55085
12640
58782
53317
50208
33511
38684
43013
15669
31884
38820
38272
32331
48525
2136
5776
29338
32644
30007
25891
55376
41339
23354
9316
23479
33181
643
37280
24278
40806
37437
17404
55301
5511
47264
23999
3456
51038
14710
45019
38402
615
54781
56785
4343
41538
52694
46213
37326
56701
58385
50685
7700
10072
1744
46940
11526
34473
56228
25463
58669
55542
22493
515
23034
16540
3232
691
35461
59684
10976
17011
524
8158
55771
12913
432
27100
49887
5641
40447
52217
34450
2120
58778
49465
52086
45022
28039
23563
10330
39915
32093
51588
40124
30672
45480
29669
5525
32534
31909
25181
51976
21991
37614
4950
9006
31843
47724
46964
52540
2853
38090
28455
57054
12082
22937
4149
40686
36954
58275
51252
21791
25592
32151
35487
47063
13482
26982
20560
51317
51258
40857
35378
58013
56295
30336
20357
49651
30069
27701
8685
6129
17851
5160
3450
46696
4021
9231
42632
33162
41340
58837
38374
55498
10650
42166
957
19280
16860
45920
33365
48100
23458
7541
52864
33248
56839
51060
56845
39718
55880
53145
16581
57096
50624
16082
56137
54769
24525
42728
40530
49748
11209
36472
33706
27548
29413
20003
7659
6561
22415
54744
56
38839
10177
51538
54872
56750
24640
36850
14908
46471
10763
18706
12217
46326
54463
12112
8248
34982
25035
3149
49512
11325
10056
23318
20038
57406
29660
18344
14852
38386
10571
32549
16158
52428
5988
29449
32390
35133
9167
6706
34672
21145
46575
37813
7437
5282
52438
47169
49131
15035
37382
52893
10667
6271
5716
23543
57640
15161
48848
13958
55514
22989
14375
1542
44275
57090
6871
18211
32008
7624
485
2152
59577
4493
30825
18346
28896
6559
42873
28120
48039
16901
24002
36918
40231
46752
3074
7509
1984
43839
57723
48773
10332
11438
42142
10600
7368
50551
10659
35010
40000
35824
42968
22667
18337
32004
11082
9797
30626
12525
41604
22955
58254
43732
18618
48548
43802
48461
3314
49860
21640
16333
34785
17541
6356
57594
9704
19588
7266
56947
16566
15892
31924
16025
27549
40030
17158
49811
28796
57135
16777
23377
31741
17047
9482
2961
47713
46222
1456
15546
42758
22265
26237
52712
15333
15670
2200
47377
58175
51524
53618
7586
59570
42495
26711
4309
17600
30475
37106
9680
49057
21978
21888
20683
34198
8863
52861
49337
37019
36734
41727
39586
7371
21165
9422
49391
45961
42531
14396
58925
46053
23124
16234
36142
34885
44978
16031
17932
38348
37701
11317
681
14050
26219
14723
35528
44094
6560
5386
52475
33760
11029
54444
43371
37953
11936
18202
34708
47237
38281
51034
42500
53484
52363
16367
19785
54667
1749
41403
38287
6810
17180
5440
12703
58159
9020
44067
40492
22575
47507
29491
26206
59222
23407
34125
44565
55054
14797
51110
21144
13372
17565
11062
56716
46804
59945
29292
21500
20122
34928
40144
18254
55414
45505
56028
11386
3047
35977
44267
53911
50697
5327
35402
9128
44841
25854
54890
50393
8829
59343
31156
49999
44424
50375
54995
44417
14806
39667
54047
35390
51594
34963
23868
39064
57454
52010
56298
54124
37049
54835
30560
41354
48135
52267
18055
57178
12151
40044
40463
50015
55003
45778
39181
17079
38337
27462
52460
34396
27439
19736
32801
43942
42833
55887
33720
38070
9902
4835
14365
54068
11876
26856
19411
41720
36836
21825
34514
55221
48426
58425
12789
54110
32028
9875
14061
47103
28195
56014
37488
45573
8606
59310
55905
507
15975
54562
37919
18422
14573
56061
13291
41084
15788
28007
50791
13062
10672
2787
12715
7085
28366
14155
12270
25611
12032
21358
55341
9025
6912
11070
48582
46614
18544
57795
56633
19731
34124
18851
11264
30093
11334
41927
39641
58792
27336
9851
35148
37361
31291
15987
38392
59449
14392
20671
28208
36105
3988
28196
6260
20649
56062
32560
1385
11356
51768
20033
53481
56462
22679
46295
16874
5239
54923
38214
38601
24769
55598
31963
19797
20584
12823
20102
39806
38921
11748
2997
397
26286
55447
8769
21774
14091
49315
7990
6098
37479
56153
44130
20501
58729
38540
1101
26506
45474
41361
49587
35101
55086
44234
28833
20138
28414
29261
46216
49174
9470
2870
20095
8220
57765
47301
45482
10790
53629
34454
36407
47938
14425
47644
39860
11481
55630
41142
25014
27579
20423
4403
43381
22584
26719
2901
33599
8761
33381
1361
5859
48192
16886
32782
55660
2384
44904
37411
39439
28028
42097
15554
23859
54711
4613
41366
45951
24680
26815
7103
49810
49214
57576
44231
10793
40008
32879
7238
27199
45702
11892
6897
6978
10802
15247
30099
43701
6679
50476
12350
31737
16665
233
27827
27327
30332
29596
45336
37976
1271
38120
58197
22232
50292
13443
39025
25730
15038
31494
52755
28355
41621
19376
38228
52736
22073
5571
14772
31944
57254
4603
31659
7597
8115
39461
58294
40412
27134
45542
59448
58372
46114
12288
38751
35436
4971
22892
29459
2372
40019
16465
20890
15392
46949
20399
31609
17770
16314
37333
22223
1239
29522
37083
56787
36421
11699
49832
43884
45171
28398
13454
46163
31306
5057
16876
46242
6380
34969
51666
39598
40660
17631
44869
47850
53299
28370
560
49423
2980
5832
12659
28162
5792
51287
15826
48297
20601
36480
48765
56599
15673
36110
43368
162
18510
24675
47885
45485
37631
834
28226
39621
51776
44463
35776
18234
25992
42932
26311
6624
20293
37937
54125
40493
47829
22688
54133
39043
26213
42750
41431
46384
24669
18301
12092
37749
38989
5462
55419
49541
55852
47849
29645
56919
20233
30245
48123
14101
56707
188
44787
46812
24821
50770
950
42812
8711
27258
48740
17390
31181
58695
35134
26655
49093
384
48742
9174
50912
23692
47434
15731
7794
40601
919
30604
38257
59994
33079
31864
14646
30975
43391
2906
6059
57672
12410
36335
33349
40473
32986
52989
25760
58400
42914
28648
15027
10238
25703
12194
54950
14603
30338
31222
42322
33077
39049
16593
6827
15369
51474
45311
57422
18096
50469
28287
10762
25846
45589
55149
31048
55465
6060
50277
24797
1024
56356
22895
32699
52340
6042
24189
28930
56932
30364
43925
22091
24018
3238
43258
57539
47479
51833
51941
39385
35966
17594
46796
34680
1555
51762
18922
25667
16099
9728
24940
19882
40700
46179
42654
9884
30380
57412
39021
55063
11464
7523
33971
37305
47803
57724
58191
46543
52206
9055
12163
18165
32474
27471
29684
12887
4186
42551
49969
27196
6364
28563
59801
18705
5671
8207
38976
30212
54032
14972
40227
48267
50315
6877
28358
17666
54104
34669
58724
35189
55793
6856
43543
46232
55051
9657
46944
42785
3364
22406
26110
48265
33472
1591
58771
29604
34686
36279
13603
13338
50144
28698
45405
41210
52474
23112
18304
3696
54030
135
46688
31088
43195
27834
1958
21394
36494
4659
4281
52446
31953
43541
2416
27448
56709
1062
5857
3073
10693
30928
33047
34934
59808
7570
14523
545
18213
59387
9443
29165
28957
49769
15150
3954
44643
46374
52559
16673
41445
29330
50871
4103
20580
9393
33408
46893
32425
9485
5605
10848
49492
4743
42540
10830
49973
2609
53269
53860
41389
411
48092
45301
56173
46135
33571
2196
4452
43024
56575
8231
24829
49262
51401
45674
19316
40985
26392
59509
6884
9077
47997
2193
58760
52200
45883
9901
55750
6868
32412
24414
32550
2479
6137
15873
14887
40693
6899
29280
56857
53324
23863
8767
6575
55942
10971
9830
27673
59759
11188
58541
39679
44851
29897
590
32297
23428
2156
33173
53792
9992
9906
10022
14075
37683
49980
33192
10209
30398
17074
26252
4410
58574
15747
33069
15172
37383
37698
54745
26079
57727
40832
25151
18285
17087
7392
29888
4528
13342
55417
55959
42505
37824
37904
43069
56440
27510
34652
4846
3699
9944
8099
50533
4554
11851
55101
12124
53610
21794
9406
45602
35346
51622
1002
34644
38021
2031
28214
8679
32296
24993
7991
2368
216
27067
19808
428
25692
8217
17118
59106
36518
55270
37878
46865
55310
44527
23323
10949
49706
27508
50290
27763
15771
6420
34155
20188
59314
542
6882
8236
9418
2623
52398
23564
51885
36694
12069
28354
11238
31014
48181
8790
33992
45447
23897
52289
49609
2087
48401
21890
32279
9511
24572
27306
7713
36476
11881
41839
36960
13100
44143
34755
32814
10528
18620
40453
24688
44824
13907
44566
42211
5706
15781
55364
46388
5405
12605
34842
52186
53142
26412
33535
7350
58157
51697
6756
28900
21707
39987
58405
40529
8243
47325
33451
6503
25955
29561
41760
38647
22294
15463
22539
9972
58553
48585
8400
30254
10257
49743
22949
21969
54377
10968
58855
8198
56203
12661
43727
39723
53671
53513
48671
25693
1753
22609
896
17503
29885
58100
4788
27786
43765
52324
42811
32926
15157
9689
8823
20459
29770
9783
25920
53691
32695
52943
2082
45628
44172
6501
64
37087
58426
34250
45343
38443
47083
20888
25919
48454
12884
7486
44110
40338
48056
24253
25743
9227
48677
27881
51385
22771
53351
7093
23637
27605
20445
29730
44604
51735
40579
50672
31647
14561
13989
40129
6207
26705
37491
16230
22397
39531
4952
21901
42717
57367
58094
31359
2962
37759
13074
58728
31099
41966
25788
51146
44438
15065
28425
34301
33041
52977
24014
13484
13138
28126
55426
53038
50345
39593
44154
20896
4416
3968
42336
39084
3188
36523
36430
36570
26134
14252
16594
49745
45018
47946
24809
41952
47101
49478
45467
5815
12721
6376
3177
42025
24272
8622
36478
39162
57499
9277
55146
5074
43453
43225
54738
27076
17894
51494
13972
42255
57652
21883
24150
10794
17656
5872
40053
4759
30979
27117
45088
25036
5008
36097
18928
56090
30201
9639
46686
51007
22739
56987
17842
41083
39139
48885
45575
30271
51891
28632
55495
54784
17218
4091
20734
35032
20804
1538
11443
47030
39303
7053
49129
25774
4388
2333
34452
20971
34712
50177
40963
31562
24090
27793
18839
23269
1090
43602
10474
9899
24120
37709
48824
20332
55641
46233
26543
10715
50541
50219
13811
56708
33617
31200
53943
18939
44243
10947
21105
22204
34789
14207
32170
23494
7642
1569
46834
6581
27802
35919
24824
31023
20953
15645
59935
47752
1163
58461
30555
2511
42404
51583
2195
16219
47295
32973
24723
29549
43265
50310
57585
46038
36620
8702
33443
14795
43843
1449
17904
15955
48438
21236
33681
54407
11931
57032
30429
28285
17544
14441
25720
52545
48171
49378
42718
46892
10654
46656
46418
57844
32843
35954
12511
46077
31174
7950
19084
8325
44083
56467
48141
56571
12740
35265
27080
36552
33847
56884
46648
6475
1810
49824
38229
7807
10295
45513
6784
21836
16315
38667
54725
27838
29179
36553
13490
23473
42935
50740
27209
16131
20587
34489
39003
37763
35655
32634
9201
43646
51077
47633
31137
38946
6598
21034
51642
47809
37346
52952
16460
55915
42200
19368
48611
25315
49850
6860
39695
55328
8341
53292
1251
41075
35678
49803
10143
611
30395
13259
47155
9515
58911
9702
33227
51093
37008
46705
3816
51574
52849
18417
10374
37801
28685
25070
55449
22996
21336
26452
52334
3359
42063
26656
26796
20045
8859
16153
5320
37357
48173
9706
15183
40064
3375
39720
48705
39106
55290
18702
40213
54618
31079
51061
10424
38792
52668
2968
47967
14371
21480
15213
2430
32148
8484
46360
51602
30914
3393
11716
527
53551
1026
18061
12673
29336
43655
28761
40215
29194
22442
29355
25488
10390
14233
35792
77
55908
25916
38384
8374
11941
54573
43150
59383
4874
10472
20000
36106
32407
46559
40284
20353
30984
40344
43002
46889
50234
10786
51241
57597
32734
28186
2379
46596
5991
21930
33884
10512
3209
54175
6979
44090
57993
11284
40314
33344
12294
37102
52928
10499
16007
21065
6608
54551
15105
30304
7678
33610
31352
1175
49972
36255
13770
46638
1156
12581
9343
33132
32773
40472
15386
4819
19377
1943
34625
35732
28701
53472
41837
5602
19077
59176
16157
32778
11726
20013
55030
576
47189
16940
51888
48756
4605
7110
24195
43990
54136
59991
16635
2890
8191
17569
53349
44026
26681
16720
44784
13548
3507
4680
44031
23231
2812
24196
57404
1614
25100
58202
25754
33772
39320
42104
28515
1736
25736
41043
30574
57258
53534
20118
17553
21837
44315
10548
27048
34086
6110
55642
38781
33104
7672
29835
49365
34979
14047
22930
40139
47982
25227
19850
48139
15589
50027
39736
1278
38204
32574
24569
46986
50263
12507
52974
13052
2719
16321
4038
2866
13878
22260
30684
40856
57580
40068
5275
27162
19471
34043
22997
29412
34292
30097
40599
5965
38704
27982
3414
7162
21514
16591
48983
53022
11652
37707
99
21416
58199
19138
16490
8316
15144
22457
47934
6259
51908
40448
19985
11734
39052
40571
4604
5521
37387
881
3178
44518
40424
3401
39196
14591
44657
57185
10175
32925
30085
21849
31838
2577
59660
35283
56179
652
37672
36201
3488
54296
10799
5291
10444
30275
40625
33291
3855
39044
21484
24509
17895
6736
23021
57663
36949
17174
49314
31682
38563
37958
54747
34640
43553
20125
54282
2932
4624
39973
44382
5189
36034
44642
31272
9495
39546
16037
46453
27630
30463
25220
40226
36903
85
20101
32847
54962
39011
50829
34958
56189
38568
5199
7658
51323
46657
57851
18779
13926
31596
25270
8337
33983
40325
4078
40076
19726
26298
53508
32830
37521
38446
16051
56835
28752
34444
15218
41541
53706
32363
49851
39660
29987
35928
7993
39994
42888
58414
5583
19384
16733
35887
18560
18135
48559
1152
37370
47428
58711
51772
48215
19852
59010
4313
50075
38358
46928
10198
19052
23522
25124
27958
54919
16974
16001
24123
18026
44747
57371
14277
59488
51824
29923
201
5673
25354
27864
15149
3966
29067
32493
50249
42687
6550
24176
57829
17740
50259
33146
13562
24390
56526
55029
39922
3559
29781
55657
37448
34212
38806
10887
5147
23192
24856
4197
32767
52530
27541
48383
22706
49906
40440
27877
11376
57890
32629
22746
59629
10375
48283
54736
46168
1286
6378
20772
471
28778
22065
21530
15204
35698
54149
37455
5718
5995
34991
23332
38193
1031
34612
53906
17687
50051
35371
25850
641
42204
5591
9011
54103
18938
55562
16867
3117
12420
22559
24553
19191
51269
2867
29874
53895
9261
39231
47138
4896
34446
38866
58319
15976
46510
1909
27150
6919
43941
48417
25679
13883
38490
46914
35017
38491
48966
8202
27264
31060
25163
25530
58744
26817
29455
44490
32641
29495
42335
17407
44071
45583
10640
40509
39029
4785
44033
49362
38949
54317
56608
3530
55172
7818
46932
46549
58829
40898
43198
20194
18728
35722
30536
37532
57973
51137
48792
26272
36051
4926
44423
56371
22096
32101
51856
29440
38389
2026
30243
51189
34555
6252
54529
20354
22528
53959
8501
52912
5427
58865
47483
13747
32038
6100
53598
31497
13041
34517
15540
29284
49869
54780
41633
5876
32458
39799
55253
17035
36896
23743
27563
38065
50641
39638
52590
20992
55334
59438
31325
26070
41197
30073
49805
34525
45326
22230
51361
55477
45255
52980
59611
14474
51994
27300
32746
22191
363
41095
31371
20514
5041
29536
53028
32979
42388
26348
21524
36310
57478
30183
34721
35519
12800
1770
35870
48612
36816
30827
15790
43952
36495
55616
26682
36912
6205
570
49689
31396
41846
52873
59300
3340
44428
47222
31680
11792
33657
12752
40827
50774
14384
4519
12556
29036
17917
36066
17772
47643
48575
55343
42947
59154
17050
17711
13630
16929
44807
38771
8377
55000
18889
15472
19392
21043
27772
55125
15016
50992
30707
33471
4845
33183
24955
46968
35414
24285
32445
57206
22614
16877
24543
12914
59612
9932
57623
9749
40756
30386
25286
24110
12614
41112
32271
5434
50893
4549
20155
14249
26704
74
29772
42592
5347
59312
19525
19272
11432
44207
3118
25892
59011
11609
16708
700
56564
7189
48358
7224
53123
17952
46724
34009
41453
39675
13935
54625
8625
15419
49853
29665
29441
15617
10982
56444
13390
35413
54976
38804
24223
24613
24472
34383
2802
23036
52939
29687
25063
12964
3182
42530
34057
23169
57872
42031
42952
41038
58623
4707
37954
56463
50488
39462
56509
15582
29912
33924
4985
32063
52425
3089
43883
48686
57211
44623
15357
13330
9048
17960
16730
32078
34537
33778
27435
21703
39861
16579
47017
30251
24736
27906
11006
42945
28000
56099
23014
16975
35033
17502
14228
35087
33529
45471
31288
8981
42973
28653
45960
42963
26395
24088
20701
29532
1803
7764
46447
28672
34744
17230
5532
45129
11757
2345
48059
50943
4511
58809
56327
39429
12162
30351
38560
26364
51260
44577
31898
22335
3485
29793
22689
47779
475
26678
51163
21865
34249
52670
23920
29566
7685
32559
39520
51203
44307
10875
19660
4162
53370
55061
12961
11024
39745
53245
17699
22644
42423
34504
479
708
23705
4772
6874
53357
24609
770
48920
54272
32265
16906
4953
12098
486
57604
37810
54268
29188
53330
18415
38094
23799
32000
39733
22070
47328
44137
53170
29986
55473
36321
18848
50980
52911
52072
22625
32456
51264
38991
37034
49982
55828
56693
48523
5479
45858
8396
39171
195
7311
46459
20084
36197
31299
58368
53575
32963
46019
4354
1726
35709
54156
36099
53816
53939
47050
46772
11570
57548
26729
24583
34779
59960
29082
12999
48308
17354
3868
16769
17778
19811
6173
14388
36048
25137
3915
37756
49340
3253
11915
21206
10247
26381
58819
23270
40887
4699
455
39730
5933
47092
37430
52875
21734
40753
10522
31095
40793
21982
4957
15827
53665
10520
10356
27019
43048
6842
35322
52541
25676
44149
32230
46199
12973
54289
27010
9300
11360
46124
14615
48594
49698
21245
38062
54793
14808
36203
19274
19110
11077
38183
33943
33737
12251
26825
35642
43678
4972
54673
11889
14636
49475
40609
21217
27923
46516
10440
38172
21735
47617
3833
58360
21326
17554
23923
36102
40619
56276
36001
21665
22917
37128
46533
2237
44820
5938
44387
27481
32876
21050
31726
23374
4980
31701
33694
30089
38815
42196
22602
28895
29883
59322
19176
5587
37198
38964
47024
3343
24712
18229
51083
42647
4438
10076
23391
50484
21348
17808
31509
45342
24977
16502
6710
51613
32156
2037
28571
9435
33898
16024
36032
45429
32324
3027
10970
50710
15306
12874
55910
55258
31751
47733
5847
31071
57514
5530
56451
32242
21169
4954
39669
18461
42301
48040
2850
41811
29047
968
10417
37811
17382
14036
56634
11132
3599
30816
41460
17780
52535
27302
37035
14215
44058
46072
58831
2448
17152
7853
10199
17978
18841
34683
4243
36275
48178
36268
54918
30855
35973
45751
22195
50151
1357
22454
2413
37507
2690
9242
19098
21048
10774
30660
47778
46571
37076
11258
47257
49581
26269
24737
8130
18590
53163
52177
13690
48316
30584
11827
57373
29786
24957
30132
51579
18587
45580
47286
33195
24114
25460
11069
33236
29728
9580
5030
35869
5637
37100
46861
7545
59709
8743
58261
5999
37981
1469
24229
17147
10435
47546
52409
47317
14926
43633
56757
15959
9063
20747
25157
50677
26223
31451
32927
14593
53995
53762
7771
52228
31725
29003
47065
140
38492
53507
59169
7527
56506
7388
53926
42327
22729
48712
59628
45414
56792
56310
51967
31613
2524
19323
16331
37708
29234
31636
45579
27815
23717
58609
23162
51928
22694
43001
53429
50560
22540
12886
17210
19446
59360
3203
9716
52845
22935
45545
32092
56453
23513
51669
57047
54179
18406
4581
53430
30498
8260
23438
48992
10014
39414
58985
26920
37574
40400
17339
32369
45506
48637
28691
18685
2913
3083
57076
12236
42581
53676
16096
36824
39595
24371
46616
39501
12519
5963
43855
8077
5887
53908
18271
50804
19526
4936
12404
22018
36306
57088
24534
43528
25706
58295
7796
25302
53201
26933
43157
34347
26177
32289
14704
2077
34469
56123
21319
9165
55360
53151
44347
29252
1343
1142
44538
9862
32679
53734
51174
13816
30040
13472
10613
12569
8405
18805
15477
9466
14405
29572
34080
5256
59221
29477
45010
39972
43847
45223
27206
32950
3640
19481
53372
54040
9826
5066
56091
47033
29777
41963
5951
28739
5091
58056
2417
29122
38716
52732
34482
4592
25954
50316
24890
37654
22487
56590
9191
39336
48243
14812
23805
24983
29985
24835
36499
57019
55089
31627
33881
13251
18882
37458
39682
28920
1329
39179
28062
21745
21717
20612
58433
48097
800
57708
41481
10855
42541
36350
27282
21622
3670
35306
41526
33697
14304
42590
22338
24922
20148
6937
47245
33693
19650
21103
56568
26813
30375
1209
31083
48445
28156
4145
18731
43665
8993
26066
21388
10789
2261
50213
11134
37472
57802
13946
51310
6700
31566
48815
36603
51591
11975
11507
50525
29521
39596
2389
37223
29128
2963
33633
6746
59659
26423
3746
38984
27104
17346
55432
16846
46937
32529
16899
44621
29810
53751
48694
43746
37442
14949
42562
30934
2170
52243
15600
46742
31422
47339
41772
50509
56846
28034
26082
24488
31080
44233
51001
30523
7175
49831
36854
38641
47745
56419
43683
28564
43067
13965
36917
21712
16204
27047
2405
28042
46174
53979
55618
23910
58751
46212
23985
17345
12991
20292
39211
3730
53840
52061
17900
908
38784
27812
27566
26894
57329
16653
26658
45956
19959
42199
15533
10647
29244
33733
49712
44021
58071
27465
51152
10590
50742
32376
30146
50050
17202
15765
48688
43289
42037
14181
54022
37099
24312
52565
10767
1809
26591
32551
3033
10915
2395
30904
1114
32066
42608
2715
39770
31723
57985
41707
22319
49829
29936
30006
57510
11109
23050
13567
33185
54572
4166
12985
55952
53211
39521
45713
9633
45788
53380
24644
57011
34170
53353
22116
86
16646
47315
39465
13550
30538
10828
22098
52707
36638
39468
53442
55695
40612
15123
358
22330
55888
50340
9334
44571
29127
13414
20829
35983
4923
4876
33284
12015
44027
35828
14950
35772
34203
12866
3075
43928
6344
25483
35609
53444
55211
25650
7941
52544
11108
20855
3467
30026
22670
32919
22295
57327
37149
56219
38572
39327
25810
46531
42128
55708
56686
30925
48462
43222
22636
21467
12414
49454
46853
45576
5038
15022
27221
18661
15104
46257
54492
11357
58615
8242
30636
19776
33567
6574
27843
43147
40816
18875
30944
20615
11904
43959
18177
27250
1125
1959
1224
49385
38445
59250
51648
8457
46107
51730
43120
345
4003
32455
19023
12992
15083
2582
38842
13282
26749
2696
11498
32953
25851
36226
50928
21839
49395
24794
41668
42389
54966
11995
19966
11705
18760
50938
23726
29784
27177
51746
22820
1203
57906
49625
22426
22023
11820
42512
20085
40990
56523
9499
47891
54971
53398
37449
10729
11385
29849
20507
1258
3452
43951
19445
58221
36454
42340
32752
59050
3969
38502
41137
11812
29758
30061
8459
2007
15702
21985
6739
46043
56347
17368
8541
37626
55046
7660
16965
26419
10911
35691
49342
38103
28600
50222
53155
46546
34701
11913
51399
56098
43846
53874
26339
39971
7244
38987
14487
13113
2339
50061
28683
56848
58801
39291
11692
53990
35222
18355
32062
46726
32663
22677
33413
38791
5459
48041
43764
13767
47533
5860
30615
30005
44768
38618
34787
28394
33485
11120
58210
58272
11347
5958
8567
8719
14359
32256
33386
16826
49302
46627
46896
47080
48459
31853
11380
32828
36735
28850
29591
3831
9644
14847
21240
24749
1459
25023
14089
9930
2760
39407
16601
31724
57749
21386
30154
59932
52412
59143
38724
38590
31519
484
21662
2646
19336
9102
15411
45950
31692
53364
7310
38959
55949
32658
47007
27542
3542
8824
17931
53817
39652
44602
23080
19862
36457
59694
13627
4516
34010
54184
199
1189
13262
26185
49196
48193
33188
39887
21294
9759
13981
40711
38267
46654
19517
14330
43526
20941
41500
44111
13626
8401
13710
54475
14116
51874
29126
27225
18235
28375
14130
56793
38186
28246
41861
59479
28585
24527
54284
5855
5652
29759
59823
21765
30787
55128
42950
42901
13879
19599
57524
43944
11309
1127
41351
44276
6808
45338
26473
6906
53341
28079
163
11577
37855
59490
24293
7770
5490
28406
58565
47600
17549
24742
33768
38867
22711
11801
3233
47905
54997
57726
26625
21357
28824
28565
42391
18222
40184
59830
49815
49816
49472
11728
43612
51857
46847
18936
46840
2841
11893
54969
56764
42665
59766
35347
30837
33545
10171
17683
21870
2523
55303
11363
2484
17837
36090
34743
10977
53057
3263
9673
55027
5956
19464
15457
27661
55536
3154
35603
46900
25780
7633
2808
17154
55658
30931
35971
20744
54035
3818
58029
55126
28923
32633
14287
11501
55423
17707
46301
7839
14748
54716
32466
37674
57848
6132
49191
14537
37940
42589
41502
48288
10172
43056
46922
4222
10265
29350
5267
41736
51811
2828
51882
51653
17877
52807
28910
13187
50318
25278
24227
2232
37617
30513
48737
2270
14642
45361
30657
25091
49765
59814
26952
25771
55927
28634
44944
45206
25208
32942
10727
57900
52434
45271
56892
31075
48872
7012
40674
21775
58902
45764
10065
41900
37440
1918
24847
36130
12513
23126
33460
3601
54055
41065
49054
20325
9166
12437
17484
8085
26671
13277
35312
38522
52462
39404
34089
36729
23721
42397
7215
47922
52232
44694
59317
398
22530
23427
50679
35668
22827
35918
37961
7028
14554
55593
54679
38539
48572
51069
25853
54114
7741
50807
12700
57347
26169
26259
37550
51461
40644
34358
48154
27770
26479
16344
10628
52846
25294
51125
20851
56223
44569
19045
25486
50461
53803
58851
16281
40655
14874
17129
37270
8869
19678
13368
48435
53667
32178
17349
58227
27637
55606
16745
15602
13141
7566
23461
44152
29994
54993
31869
34215
58055
5187
6944
46414
44211
3474
47666
33646
41264
26403
28782
54963
36748
27811
4813
53637
12664
151
29149
13112
57325
44047
52033
25604
39623
46478
15855
2551
8518
36191
17021
23053
24701
7151
42242
45829
20206
43415
7034
40230
59654
19872
15059
32837
18380
44948
44924
53153
6080
31824
13530
4301
49182
47254
5787
22750
16656
16905
22628
58326
32410
26341
28865
47285
41358
9170
7952
53627
42224
13392
31266
30652
6772
42594
13901
47038
19851
32565
6992
40125
59705
35450
39996
40267
4085
35701
27606
1936
322
51643
55511
42650
4798
15352
34262
45877
12329
723
1387
17136
15112
5814
4061
14776
27667
9024
14105
14345
42552
37884
22823
21910
16138
15849
26703
40581
49156
1563
35760
34118
3200
58678
42300
35661
47271
34229
17607
9523
40901
5438
59232
32524
57158
37112
15668
31631
39227
29755
17532
21880
41555
7075
9272
40614
35287
30767
41398
988
55829
11249
56309
4693
41470
51412
5382
10099
57503
56861
50616
5600
51350
58621
18157
43128
39505
16789
16981
36974
44203
6209
43563
18567
16924
44911
8488
30921
37817
53647
17617
39715
32485
54967
45596
10422
25514
11170
8997
13033
10649
16149
58701
24388
21916
22921
42276
5834
59061
48183
49963
54979
13674
43868
25115
19025
34312
36622
10343
15362
10527
15823
20201
52827
18823
56201
46640
43204
17974
12773
51884
45425
24685
43813
7640
23027
4696
55217
1005
57819
26964
42133
11199
36192
47098
54585
8383
11251
57125
10105
52050
32064
12527
1797
48150
40828
38911
19498
45403
16795
49981
38351
55385
42357
39779
35506
36848
23607
33282
31803
48494
52039
18961
3225
15198
11327
13792
30653
51619
54155
10725
16197
28252
54304
194
56819
56436
59658
54805
6496
30164
50606
40297
54567
54818
28232
23814
30328
5588
33006
31397
50539
46633
37231
6073
47584
31832
26300
3909
25394
13127
25045
5627
22272
44813
39834
37664
42623
23364
52125
3825
43338
16229
23704
47378
20673
25775
49691
57737
1447
46449
59313
29501
9793
31996
2664
15121
32916
22741
56745
6885
33219
18319
17757
30482
4182
59922
36783
50020
21783
42555
13300
30763
23013
56182
52511
13045
9094
57568
24787
54846
6416
41414
4198
59754
21323
25861
58908
2030
48814
53303
10929
42684
26309
40939
46126
12689
6742
21413
20280
41374
10182
31475
14952
11695
48223
30822
29921
43429
43201
58070
33923
2146
18079
1493
18377
14019
44956
11897
16202
15777
7801
5300
37356
23380
22218
14716
26001
15413
45452
40191
15877
29071
40439
27164
58513
15257
5764
27670
9532
12732
16514
24578
29
31947
46931
16689
11322
26976
24830
1320
29743
48049
31874
20294
19668
27517
22961
27777
39108
46786
55676
15007
49401
33320
10305
55305
22486
39158
47704
55687
17048
36497
26802
34174
39089
13382
29044
56668
47751
31847
24299
7791
23788
55716
49547
2370
54701
34015
3631
17632
29756
2244
30116
56694
44553
10473
51862
30810
6089
46371
9524
55281
20770
54338
47438
24487
21911
34371
19114
26280
19576
3451
42155
3597
21846
44244
31979
11207
14970
6025
16535
36414
53547
25275
37906
27819
51628
8168
56125
53772
20505
55839
32822
42402
11220
106
33807
41224
10604
53801
5231
33731
42241
24354
9172
10753
28769
57874
10010
26170
42577
5708
53346
14681
23741
8036
47274
33426
4501
32983
41364
30754
34999
35827
7564
1412
11959
37609
3807
21583
20693
5039
39076
19119
3607
44892
2159
48782
12171
32737
46332
8454
5148
38280
50210
9458
29218
36833
13517
35049
17290
3806
1138
41539
11412
43154
54751
58333
36754
42284
42106
5621
2002
48089
8167
50500
49382
42372
53360
22419
21181
45006
26234
6274
16651
3713
59339
26274
9567
42302
9236
22576
44648
23832
4318
17948
3894
24864
1510
55578
12407
38111
19068
58308
55274
29797
11100
41352
22045
47517
39230
16306
52158
36115
53171
38423
3735
54724
14486
11655
44121
48187
19505
56158
47097
14352
56485
42960
31487
27154
39249
13014
38702
20448
35488
48812
24719
1453
57079
14678
18826
23567
19322
26521
4853
36507
5726
11343
8086
32127
283
25769
54513
38189
54668
24710
14456
9365
12793
41961
37015
44101
33315
58947
55208
35551
41974
39763
17148
23463
6755
18379
28278
45749
38363
46815
51111
40432
55794
54323
27610
43980
58211
49055
20811
7142
57877
5611
18749
6780
17088
27737
2821
43670
42262
21845
25598
49121
56140
1676
40570
59849
3319
32980
28096
43124
15834
49153
34510
13837
25935
56402
14232
34873
6753
40089
14143
8001
4025
20007
21804
35056
8446
18314
44195
25511
30969
48768
51406
22832
16278
29083
18755
21350
19600
23207
40975
32360
53672
22323
11465
11565
9291
59696
13219
15893
55707
51705
51268
4782
59336
30809
40162
50809
36379
20171
16297
36561
12583
52919
673
28409
47443
11167
10087
14141
49792
26764
4047
57080
47385
53819
20147
7789
26138
9021
18287
47270
13217
54369
2397
58038
30244
21636
32502
19652
11000
44218
52000
37319
42508
41609
29844
21123
56344
31949
17785
24336
25416
49277
9380
49238
52003
57995
43307
36965
39339
10820
21798
46522
20486
37880
41165
37572
10245
6091
58610
30518
49199
11790
939
24774
44264
49402
6576
38085
44758
9845
31005
17858
40235
15308
3639
27665
25708
17943
31661
17625
659
41740
28623
36505
38182
28909
17416
2892
8671
31486
23526
43991
37167
6279
56719
59028
17648
55406
38035
8858
52739
53262
16379
28400
23357
33718
51678
28758
44431
9891
53601
56129
29906
12725
45008
43820
2522
38565
11690
5184
24876
58788
6611
4265
49820
10336
11869
15066
51786
10986
49886
15490
26074
50067
30497
35120
58626
7178
52833
5575
56939
9823
49758
49626
30088
16894
608
14224
52065
52992
37858
1492
12050
13731
37833
52684
56810
10370
32511
31173
6626
55692
47851
9017
57262
27320
49290
51353
9829
37942
47655
7729
39629
9806
50649
33691
21934
24622
25356
6584
54698
10260
58318
54115
24897
35201
3299
52975
13645
3890
36469
23061
28469
49826
35771
38424
32219
37304
39215
16311
15167
34930
43715
54937
43565
54105
37899
31263
13271
13742
42815
2658
36265
14813
12506
29956
53592
9469
40232
22
26614
42005
33125
49544
2889
47389
30295
18085
47750
27712
26896
9100
45244
11920
45821
15103
30623
17280
44334
5783
22361
44032
25728
2735
14324
30246
26579
26418
46358
2921
51292
28561
45217
48584
55234
5700
41002
30991
49020
2950
24063
54882
22761
15277
21215
35990
32134
37735
20287
8250
46007
13743
42851
4882
53773
28950
9652
2503
25136
27455
2572
21221
51096
58781
23816
49966
25724
9210
27584
2496
10067
35582
4331
6114
51032
10759
15021
50192
3060
275
22111
42701
59091
12944
41449
35498
49097
16951
17321
32819
13463
46379
57761
20640
12803
17697
6204
27466
28961
3794
26315
47433
3398
52222
48751
22317
3717
58559
39276
14940
17954
55331
54102
16625
29659
38909
5124
13086
55282
57236
57279
56854
21036
54404
22747
52297
32906
364
46659
8294
24449
47636
8054
6371
45259
51477
28301
50244
31207
33514
17443
41319
18666
59045
14103
37612
5151
7326
20960
34042
46783
41452
38340
53690
31928
49729
49718
38619
36024
23086
3213
14431
59773
7568
42486
14909
4380
29064
48349
12883
34271
36355
55235
12346
19580
29058
17066
31570
30472
18896
33193
5520
34093
25306
33749
5942
57564
56200
51230
43613
39270
46695
25838
10121
5120
26467
28675
15514
17603
59982
46995
30943
59225
8686
14844
47217
39951
37842
57074
16643
55573
36746
15502
36426
37240
44138
17249
48371
29275
11158
37623
5561
26357
15361
9429
352
31428
35082
14701
32709
28157
48184
39348
46624
47177
36437
33148
15096
35069
38488
6448
40414
48395
14667
56724
3408
51537
29668
50319
18491
26133
5449
26633
46108
12023
28870
43021
48172
27385
21098
3372
59085
11043
3406
52422
4844
7482
57179
16654
19492
661
20643
40195
11213
28756
18722
57357
35599
59499
14111
24668
35951
4401
13662
3558
46668
3908
44182
56442
37308
55524
10594
8545
3349
26870
10372
12588
51707
35294
43676
57581
8381
40582
3043
5822
3220
11759
15841
18094
180
1346
54430
12544
1478
29233
772
35368
52397
26448
6265
53115
28422
37377
21580
57489
51397
38796
49127
357
2753
53511
9538
9185
12282
10388
6108
21569
57046
39197
53572
10923
13204
12384
37196
23540
58356
50495
51440
4508
21932
51987
5284
56149
35623
58329
51918
33671
53724
53276
28183
48834
14658
3675
55457
55025
18757
37847
2786
34070
28144
9226
32883
48480
34143
59125
12425
50150
6034
23059
35542
57577
45397
21015
55009
51687
9651
15414
9071
38024
58690
40867
7267
8315
6682
15401
43748
43718
31162
3320
20990
49780
6658
2045
11836
10551
27921
56102
41819
38125
18365
52245
23245
45401
36792
11767
6186
9848
27281
46362
35702
22913
19451
30314
41381
28528
16213
33660
6660
9960
54251
56331
10901
31165
21046
53131
35423
31727
47544
16120
18283
55873
11196
14564
43762
4474
32005
51521
44214
46045
18575
20427
6499
18686
48176
1982
41182
35920
31533
22372
5737
56232
27748
40353
15929
9897
30590
27896
34365
9130
59943
38520
15712
1178
34941
5771
21246
34600
10133
2289
41779
9740
56269
21819
37973
19947
13543
9821
1530
56186
15137
14471
17139
52810
4529
6517
43838
44318
16838
11667
47972
23267
29716
57243
13822
29731
44494
53217
7611
17521
10239
19395
36927
21517
57561
37317
45419
7328
26361
14299
7785
7921
32794
37001
37681
37522
36358
33638
18242
49326
19991
19140
43126
23530
7875
25064
30013
12499
38633
24696
25523
38498
25431
38198
57744
17494
5920
18980
10123
57522
7414
41791
49103
31646
35318
49927
20751
39605
56850
42745
6835
19899
50725
44568
1505
41033
9059
34359
52738
21509
3979
51620
19643
31842
39725
48347
13314
30624
27594
864
51145
14014
15397
23067
15018
26940
32974
40777
25012
866
18701
50433
5146
12486
23802
15875
52961
27230
21233
57953
52835
27363
23709
51330
2712
40814
30267
1874
2807
36327
52489
8101
9729
34864
45258
19628
32820
44250
23783
22185
41584
7177
32312
50281
48077
33953
6533
55837
51455
21309
8722
51173
37591
10731
52772
837
39588
5085
47405
51115
1017
46073
47558
40704
12286
6620
49364
23239
58570
47682
15288
54280
39504
11947
41592
34011
54168
42176
41867
58220
45660
39060
19374
31411
47168
49631
55504
35909
16134
39693
50413
32236
18571
32334
17365
16428
12835
34545
5313
34354
6262
14644
22603
51129
26739
19092
5219
24001
24748
22047
31600
28213
22647
37504
9557
7106
4713
14309
32790
5833
18959
56469
30946
54236
1793
16558
43228
52865
4180
42216
48979
59124
49542
48094
27869
21156
26404
47242
1374
1658
45973
45633
1228
22633
192
47278
5977
6192
11888
13460
56294
12302
4612
46646
18270
16685
1858
15661
12393
58634
35856
36606
57944
38045
25434
58706
27403
12561
8345
51841
14196
36992
48625
56654
11960
13196
53876
36925
19513
20478
18860
19209
50775
34729
20184
32931
24334
51549
32585
15450
53748
35712
36939
50957
55703
41559
13614
2247
12967
31169
367
45849
9461
45152
51581
27898
13815
54590
34889
2325
20533
40259
34811
47894
11540
13180
56588
38841
16276
40360
58772
29301
27723
50457
4444
36140
23360
21763
48120
36471
27717
58387
46629
23417
1080
25185
3268
59108
2487
26756
31546
4887
136
19664
4300
32498
4877
8540
22229
41514
59287
1706
32672
59094
41158
47947
33330
49573
4591
11985
48290
4807
33127
48574
7644
52611
15315
23851
49938
33892
10190
42387
50956
36214
52351
42865
13128
1692
37865
47663
14323
51759
51679
12683
51968
58597
9980
30396
56541
41545
9423
33321
58475
57547
20994
10366
12183
41220
18912
56976
21983
48377
25363
43481
10082
43111
45864
26196
59457
8300
13068
16809
36222
21119
18363
55690
7080
54842
3197
2327
39112
4567
26923
6300
28188
58904
34003
5772
47766
55452
46002
15427
41658
7006
38053
26067
34656
10937
32854
31868
33154
46189
33523
26950
58390
16600
9888
49130
21330
16126
17403
36679
57117
46859
12424
50905
42346
19313
32618
5140
28682
57215
4547
17119
38429
174
3434
50371
31347
34538
8087
34417
12849
27049
34098
27828
42916
58903
59142
8069
31555
22927
1537
30191
20672
10154
48904
29105
31178
9565
50663
34361
20477
529
26073
40002
26268
18077
58738
19160
49427
33741
5470
3350
51578
25553
47145
4089
29910
35710
54075
1063
13152
44696
55011
16680
5004
40023
24602
46315
51231
30322
49227
8878
47652
30692
3724
31940
35941
52711
43103
19847
36080
18592
55232
18373
12303
31550
45456
59615
47447
43083
21443
30289
42206
7629
1627
21282
45919
39374
2633
39814
22622
14065
24616
387
232
10400
6076
11307
50940
49397
12993
30715
53709
56033
15551
50929
34335
54134
41146
812
50168
4375
52785
26287
25649
14334
23798
41560
780
15473
23150
11682
10708
26939
33851
11709
22126
46565
40731
20254
40055
42461
43875
48240
48894
15852
58817
10142
27707
42140
6593
51089
16572
46671
57134
17969
16201
28973
14703
13373
31474
4304
9575
51631
19574
45661
20777
42100
10879
5945
13782
10913
26322
6591
30910
52140
10006
47173
23355
31430
58395
546
59189
27756
55975
5492
29030
43544
19613
16434
36675
39759
35468
43488
36536
54143
6662
25377
17627
14187
34478
20993
33724
7917
16258
2230
1000
28021
25147
30702
9739
33979
55372
41382
55497
50346
27070
11348
12711
23842
22607
16296
55842
23546
29605
4679
40262
51839
22214
4640
13849
27797
29977
55115
2135
43693
33427
36731
31640
22196
50148
51371
28790
50452
35679
30642
22673
55737
3168
13029
30335
26983
21412
22367
29343
25090
32408
9534
53634
30842
51530
13843
53692
20522
20737
38289
50498
11113
20933
34753
19930
28629
33931
25015
55410
21382
49183
52137
53918
26443
19048
43333
57148
13130
9022
18419
45444
20076
5526
39639
36401
54261
49194
56471
47776
19524
18149
17658
19699
6479
31716
58762
43881
36760
3473
4722
53971
53537
21448
33216
20394
28994
23947
11766
25317
27411
40813
26776
11135
16272
21290
17360
32637
14846
36611
22854
23922
17273
8860
831
20139
53485
40305
25378
54212
79
1639
41119
22931
49316
51181
27391
15476
5513
55396
37066
52763
52587
45616
7309
28026
13975
36175
3169
43713
43260
7086
51318
47772
20467
19245
24515
9200
58062
429
4956
54010
25340
8978
16657
49774
28095
13457
29251
474
46620
6367
46749
51303
39570
59682
13660
45269
6925
34403
18127
55709
6587
27503
19087
29792
12359
45274
7011
7749
57034
56754
48470
13235
19803
2912
32152
42971
22967
28889
11365
2088
12545
22293
9403
52629
57643
32714
16349
44850
35105
21864
39681
56352
24102
6879
51235
56540
45247
31292
14558
1771
56183
56751
43760
433
26505
22174
52317
43862
14521
6730
20216
40342
18693
32535
26158
29065
38149
8225
48915
26407
4757
23638
8052
24260
466
57932
56291
52881
18763
21507
18262
48504
7970
18397
4295
30420
20658
17483
42747
15624
35375
42875
7809
49586
25948
9202
43034
13032
48830
38101
11241
49208
49409
37388
45472
29589
36135
8514
56388
13276
10835
48649
7563
18581
21465
40559
3636
28259
43325
22241
740
43931
3460
9802
15221
19253
41942
30804
418
5330
28887
51218
9338
20765
53756
38729
40274
24852
32250
31548
41986
19738
27907
25862
3067
50776
11195
54000
47150
25403
44364
24584
31768
9309
54998
11548
19632
14068
45285
18072
37891
56430
14899
2798
31755
43619
49630
3300
35786
3275
37325
20904
58411
37428
28688
33968
35859
46277
47253
54522
44459
19296
58391
33464
10863
44339
48253
9748
17259
54961
55550
10737
12265
45139
46200
27217
3380
44537
39323
16179
40976
32573
18954
15153
24548
59349
16462
9168
5488
26333
55890
16478
13150
44601
55340
3395
37421
25293
27500
13623
59966
48785
13523
41522
21900
40575
54596
39322
9103
32172
16897
37599
6494
14647
58894
55701
23468
40326
34283
32309
9312
33513
44177
26691
47425
47594
34967
57799
44873
50898
4742
7314
14719
2647
44295
57842
47742
26451
11121
4749
35915
19060
22545
52492
56256
30874
7018
7692
49074
4830
47207
43587
48987
57976
29519
21192
26483
10386
30725
50717
55659
19979
50202
36349
19039
46817
37926
59622
9187
20686
3992
3632
2098
59768
30935
24250
43863
6595
42818
33392
51938
29587
46870
11460
53447
55058
37410
28839
59625
1014
11965
16452
49950
48514
17260
635
27694
3259
14643
16095
25370
24064
33018
4366
4628
55202
47157
7846
13728
24406
16790
53797
22053
32596
33978
37408
24633
57152
735
8424
39176
9409
35404
32076
18668
8247
11996
25957
56626
3990
15271
13595
52930
16944
32451
37393
18179
51881
43039
45605
42663
34940
36165
13215
17012
13260
40521
57777
16396
33378
50763
25273
5777
7854
20074
47727
23153
4258
10609
33265
16267
40233
45054
26972
5027
23902
10104
11345
34078
39917
46282
46305
49501
6010
50834
46023
40299
26346
34027
38719
31879
5064
23893
16582
2851
1162
59185
52008
58384
4730
17584
36557
23250
35818
55067
20114
4164
29376
35200
8403
30732
11817
40602
13247
41608
41171
53475
45865
1352
44885
36163
6016
44863
38517
53524
5229
15115
57155
35531
36546
15036
41575
59785
16106
51257
24763
41530
100
6659
29939
56254
5885
13582
55446
27040
31134
2859
28738
39286
15808
3819
440
16023
41296
45629
41423
39114
52981
58145
49752
41651
3549
42337
11467
41544
52415
51714
34192
13720
18994
9417
41531
44793
44764
43672
7666
23481
7091
32477
41799
56821
16243
22865
5947
50200
6609
56813
45252
25848
9116
13387
10355
43899
26112
4344
23348
50784
55525
43606
19773
55665
18863
47338
20800
40608
56067
31039
47688
18147
12954
57978
9554
40341
28995
18747
5315
57399
34370
14836
865
31605
952
627
5598
32143
10941
50862
45785
22853
5780
44400
53635
42436
43173
58820
2303
19693
14682
58419
58980
55028
57248
41271
43167
22796
10857
53191
38769
3727
8854
2501
50312
38640
55738
31969
58835
9074
3491
45820
16556
796
23736
26431
49863
42047
49536
49168
8174
16541
34141
5908
43400
48771
48772
27758
36074
57964
11713
43221
4475
6716
13200
50105
53540
11546
3330
36627
10687
27013
42574
14769
30182
22464
16360
14397
47693
50115
5990
48326
5069
17501
38123
7150
1248
8867
27186
38468
58228
48330
27651
4565
24288
30680
8523
54761
10493
47022
32771
27400
37650
13858
45809
28127
326
5829
32482
15302
27791
8677
59331
3956
9604
58800
4122
4128
24541
35254
58676
39790
41858
57238
29409
50801
57658
7817
26936
26456
20932
30049
25414
18569
17997
8366
3175
34879
32044
20626
47589
10933
10601
1359
48106
19488
31999
23015
12261
32893
12634
40190
10216
34258
51518
45959
7281
58763
50558
21903
3922
39663
50836
15620
37818
35647
25753
4287
45650
15225
36671
40415
27767
22014
22770
16757
47722
38177
32825
12076
44884
22698
1356
56638
10046
45287
5782
30686
32453
42254
56531
59637
58646
48479
11154
5353
33537
3783
10311
9150
32124
12357
9744
35815
1948
44759
28660
41969
30607
19347
42872
49155
51907
36488
46169
781
20315
8451
1541
34028
43916
17955
6157
15526
19877
27904
30620
4376
13064
45941
13709
3358
10376
44814
52842
59911
13079
53032
22882
33261
32901
55171
45767
14382
47832
56479
11775
55800
10614
15486
55230
145
13177
28684
27519
6227
15492
45948
55368
48540
45098
28539
27633
31457
19267
16717
13043
17575
57540
1129
54904
11562
26820
55072
13527
15839
26312
42294
53655
3059
44744
10272
38528
56055
5346
31580
52450
31419
27901
11239
4191
44840
57871
7168
12959
55648
43979
2250
43585
40261
1148
44158
55965
21835
53274
14009
11926
24588
6948
6323
51788
43409
42994
41829
23056
29090
53510
8519
55673
13500
37717
17689
27531
33403
59601
6949
1739
54227
15228
21259
1582
21370
17214
10201
18641
27638
33364
30084
36910
35592
38951
554
2190
31004
18371
9952
15656
17486
22685
22864
53496
58707
37284
41211
44947
39500
13610
51731
38888
57600
6226
34165
25046
21208
26887
53768
45408
13017
39041
47857
44998
57021
43811
57470
43043
40150
42049
37895
17940
55970
40707
36046
44219
28997
57605
32169
40103
901
58733
7716
1042
11787
32089
11366
23867
24210
59980
13030
41047
12509
24523
14945
26026
49726
17164
21100
29467
3781
56206
11746
44386
55583
57730
20821
34602
41775
21129
35331
22473
59689
57170
57230
44303
2762
42899
44702
58401
12638
59070
24718
33297
42598
55995
39647
39926
21767
16246
5114
10837
29623
50262
32729
27876
52081
5456
35187
23664
25879
3013
40394
18736
16773
34391
35176
4163
13789
54242
10625
15089
37879
30571
54113
33751
25101
23972
42038
16171
5423
16100
19540
53111
11001
43700
10098
36432
28184
8134
21590
37600
39626
29651
24845
3810
35429
34818
2158
11670
47807
47486
50887
14525
45297
56782
17925
44762
2509
52376
20006
29321
41984
47822
12881
24173
22000
49025
55577
4311
736
51511
31111
48718
27436
28470
38687
38473
45803
2879
56377
28694
57285
21327
15268
54827
17863
5079
50145
54162
20633
51961
15832
16248
32454
56777
54285
39559
53197
39470
3903
2095
38119
33912
57800
42468
26823
17002
1411
55612
54484
35029
51064
35027
31058
10023
47196
49608
35258
1579
9262
23064
20261
54583
21381
47703
24051
4543
56635
52096
3878
42334
32252
47446
17762
40289
16190
406
27159
32669
51921
19649
52782
2831
9618
12463
8986
37724
11429
39532
40526
24524
17445
8850
47081
37306
19530
5016
18097
8885
12185
28087
39489
55413
49515
50585
38662
33208
18902
18931
2300
25757
32693
12722
57732
44808
47675
9294
6549
21935
58107
16761
23896
32589
56136
18617
56132
13635
4239
15285
44561
37147
26485
52396
22200
48268
38595
58229
28572
22448
19053
40675
7074
9790
9620
17061
38482
8962
30305
7761
25603
17175
37793
5618
27568
38152
14501
28508
28620
34176
42485
24258
29176
4016
35138
39674
7149
19326
53693
35880
6184
57037
24920
28012
58103
51248
22841
10739
35433
30016
30781
49570
20597
37975
25997
56121
26358
4391
519
46877
54852
2927
7438
958
38936
34211
13214
51873
38912
46832
12731
22350
22170
43993
10415
33927
4893
35194
49621
54439
46346
9308
936
25266
15057
6453
41903
34580
25978
2888
12523
40924
46281
40437
36161
48353
30755
54776
37767
58630
33301
55579
14771
36545
27101
35257
29211
57554
13353
19409
46898
40062
48838
56304
6917
46041
29397
10494
1025
45465
12733
28456
22456
25584
34904
27397
25351
54443
169
41018
10804
40639
33000
39184
37576
24896
29813
52773
26179
35298
23792
58305
8212
15049
21684
13381
24503
10858
53633
54165
42940
47560
6160
3906
49692
43280
38966
7589
46768
2033
48663
48357
12735
32775
8290
3105
37517
7332
13012
14332
54375
25417
27446
45160
16108
4672
9349
56109
57936
38616
15525
33375
1578
197
17024
8433
38051
3650
15590
32863
44155
10990
59460
3527
53451
23202
21749
49776
52435
57543
35950
5416
13199
22751
37783
50660
21762
4114
12020
51623
30721
56283
45495
53464
43907
47557
51649
32443
47926
27528
44504
11095
47649
21965
27205
44599
51079
16641
1799
16341
52035
39645
5897
34305
52920
53358
37915
4587
19126
2454
36990
22952
20780
52539
26757
18040
25186
39416
23732
13632
31279
14423
795
31112
18174
48797
5204
43215
18457
20795
30185
26360
10464
46381
56406
58713
25811
29922
41223
48669
25376
14884
32225
8289
34807
12337
443
24831
30589
9474
30496
7298
29129
29358
50083
11394
57453
3373
58677
29553
33680
40142
31977
27029
33336
59494
8005
32383
54902
52856
48670
30489
5404
28030
45928
47147
53983
10638
27294
57369
14943
43720
19519
13641
43783
1767
59675
31520
24386
24470
46091
23497
22646
24642
59563
30091
27364
31447
14399
3774
18595
52767
33263
16574
28322
7427
41227
49596
56687
57918
6402
45867
47429
53355
44301
23639
58407
888
2422
17826
7943
21423
4390
15234
6953
41561
28812
21070
49916
4270
26123
21232
489
37533
6935
31034
33001
27872
36870
43170
52648
31526
34158
55845
12246
24677
55246
14818
14121
12708
13502
49386
12555
1988
11417
46423
12415
2235
46957
28810
45093
30401
22281
22557
43070
42249
29737
2267
50141
27623
21260
7911
17878
52607
52021
37687
51396
17132
50185
20577
42440
10779
32558
29942
50665
56315
11339
47211
37042
35356
15158
10951
28526
5316
32848
12839
21994
9064
33324
3324
51378
58320
48837
8515
24917
35980
9147
40239
18225
30488
26265
27066
19439
5299
9290
42257
18498
23539
46336
52936
56664
33862
50814
27969
2902
40079
30272
53304
15506
4195
25086
18183
58012
28346
17705
51037
46022
5809
16436
51520
36177
35147
35518
42316
19467
49323
8146
55569
53958
4702
55435
59606
45947
32913
9240
11724
45647
10999
34300
5919
13301
45346
57183
41573
42328
12492
23858
45322
34206
30022
52722
32513
39273
30196
11910
19590
10292
29184
33910
51226
18952
42895
35119
1136
5757
47255
21234
49186
17628
24565
48700
16345
13207
35970
37632
3659
9674
24478
44246
28248
34246
41429
10035
9573
11033
44210
30096
23557
16340
52185
56323
49672
3303
19211
28532
51510
13983
13171
19710
45741
29214
23026
32517
33063
42370
5092
34056
52696
44116
754
49374
50755
41424
27663
30896
54394
17737
56504
17957
2835
278
14416
18786
57433
12652
25399
13735
35362
39985
10421
13781
56096
2019
50190
17304
37143
38694
29861
31862
4822
32053
45341
22808
38685
44425
57527
16821
59423
20405
28396
35648
42857
8453
34051
47500
34038
49566
497
7239
51590
46715
58525
5303
2653
13211
18058
48402
29189
43920
56292
33217
19579
43417
59667
3151
15657
49827
54321
58315
5377
29410
30551
27550
59856
42253
3020
21275
1434
54163
14973
3605
55314
25582
48878
49862
11444
47374
41944
9066
59969
16611
6106
6791
48449
2439
5362
33142
15274
56990
30279
24046
14437
21040
13631
27197
52923
57530
42738
14385
40812
29195
6972
38880
40367
55854
16723
30309
4236
38778
20807
39312
20091
7307
4701
53275
40906
43209
47201
58455
9051
8190
56247
36064
37498
34460
39094
23974
45068
1423
521
1618
1082
18947
56212
30236
49042
5368
42643
43491
45204
12099
18865
28084
55107
3202
28999
46477
31466
19012
40658
41101
21414
34886
435
46144
50773
52123
35290
34498
40822
22306
54495
18209
55981
54247
6062
14529
614
18375
51196
22086
5763
44421
15483
52797
23840
28402
8443
2584
20712
9152
35079
8666
32349
20334
28608
1867
30789
16485
38933
21256
23216
10745
1865
23350
38167
54880
17116
41602
1669
41847
3824
57418
41588
42419
5089
6218
51419
8505
35061
24715
8410
28143
18746
17961
39261
11808
3079
51869
469
35223
26804
29538
12061
29416
33308
8432
9789
44412
27799
33205
28146
51947
43625
1450
12976
32976
9853
57628
44084
21777
59924
58919
30511
1778
30015
12464
43661
12284
2293
16668
59952
47705
1366
31496
53739
25607
4196
8688
24635
39289
28031
2660
3036
20730
11087
48335
5976
56461
50364
47626
22153
48467
41649
25918
28537
13863
37652
25942
51076
610
8678
58366
21468
45133
28596
16322
25439
50554
21818
29457
13132
1978
28091
54001
41056
2945
27884
31591
24106
51207
54604
25461
31757
22140
22167
20817
38478
22479
39634
55521
17875
39050
53853
33054
5056
52765
11326
44514
32944
45170
43268
4339
18600
40290
37124
50358
45648
33103
24779
5506
10846
16804
52001
23005
19236
41515
42000
55830
25050
5262
44046
49204
40240
12489
26967
38440
26872
38932
6061
30612
2619
31426
28876
25390
218
27114
11155
28310
40319
27604
16498
15131
31256
22565
21663
5073
23283
37269
17570
3427
29847
46265
11671
19239
44256
44746
8709
37972
55537
54319
5045
11942
36962
58997
270
31199
24901
27247
57983
36639
55496
12097
26064
48787
26345
53581
18320
35529
27981
43737
11978
14661
39767
2428
51420
37089
26743
31679
32781
10409
51157
30014
38400
6991
59164
790
25032
20098
12198
12764
52015
20454
41252
13928
45881
58878
3415
36212
18352
5437
21158
27351
15143
42597
25526
18689
22991
59436
16112
30080
46523
3858
10294
19779
25877
28427
1303
25630
943
14832
45907
30235
3899
35831
22822
26564
49152
16369
43218
26997
15625
35946
9782
43697
47407
4958
28227
16898
54913
50472
23886
11675
35365
39729
24979
26099
2855
11304
57388
15191
37185
43433
22403
11488
41773
22409
54225
11097
27536
2570
22269
41267
31421
36942
55834
34838
59441
34809
33086
22916
42403
22012
41987
59253
36788
20183
47920
38795
7955
3161
17838
47057
24284
19197
31734
57980
57411
37159
27146
49045
53124
3002
53418
36609
49680
28724
26596
57192
51205
1855
15659
43064
19734
20715
10538
35618
28958
21723
16775
40119
5697
28417
7134
53528
41749
28787
26992
55365
53614
53654
21338
40524
11408
5753
27270
57334
44931
875
1029
4362
20092
10576
15846
25168
17496
26892
28200
6731
29334
10556
59730
1128
9056
19876
1291
59650
14968
46763
47564
5349
50418
29237
19812
34423
8179
18473
44038
24165
24475
31635
59715
34986
52639
30344
6672
57787
27870
16308
1815
14421
7204
32041
21501
43716
53173
14495
7378
27943
29073
35610
7128
51734
13464
13154
44547
35857
8060
375
40054
33204
6924
48006
5696
56114
52527
19206
45130
47468
29199
40650
43271
48862
10259
36769
34136
17850
4240
19235
50918
14077
54342
20572
28603
43278
47665
56280
24437
52327
21766
9394
48414
1246
59320
42470
4147
52914
54589
51936
56826
16288
8776
29670
31697
31431
10817
41594
40135
9723
3498
33439
41017
13997
43323
59513
7924
44714
18519
18733
13197
24237
38701
58158
59355
42739
19257
33384
43220
54391
32730
22477
33235
28554
46591
47487
54549
20331
59882
52924
58780
51238
2637
51980
34107
45748
48638
53327
3529
41525
41428
23485
7781
40881
55783
42575
34352
37955
5318
42537
38132
49509
10083
33419
5435
8119
24819
36423
42707
6545
52122
55195
53265
43191
3658
4097
37365
10961
30900
56489
24594
27914
5773
52933
31542
6454
44446
58640
18175
59555
3616
22844
6898
55148
43723
13918
33870
47213
6641
21270
35867
58587
3318
42061
53416
20170
494
27615
20329
56786
23398
139
46180
36269
19398
40199
25671
4786
53035
21577
54151
58212
51147
12566
45976
4560
40451
33708
43555
27775
1990
19728
22363
27238
32144
13591
4861
47736
52119
9149
55108
31257
1133
1186
13788
15950
51025
43939
38237
30884
24315
58613
41390
38643
18208
33785
18464
29949
49444
19913
58506
54230
35286
11369
14042
3109
19199
1309
35344
47651
4860
3961
36496
20488
45644
1643
9542
31277
58005
53241
44528
24351
2529
36147
26303
22849
32754
1695
23894
53711
12587
32696
54482
1588
16141
31377
23356
50068
23470
59698
15282
15449
56237
45942
41310
1760
13389
50601
30621
24632
13752
7249
2780
56790
39523
30376
53623
19939
33310
16339
4098
59693
53554
28432
862
48341
35035
56250
46780
49857
16119
28960
37948
21200
10488
56661
18859
13475
34919
14216
47782
30189
40396
8192
59604
50795
21549
24506
51463
14530
38098
50289
22355
8291
48588
20154
41672
20939
27731
51695
28679
23184
45779
50884
13902
19879
8933
5122
38247
11012
59688
7498
58408
53872
12322
9471
45750
29996
28435
52291
10700
42478
11730
16715
7500
59374
26424
57219
48912
34364
14823
57632
24443
57234
35460
54303
24545
40962
9725
53350
35249
9989
6743
42547
11753
8642
22450
48221
3641
46274
33128
24554
36285
50296
5628
44448
53105
59166
18154
11407
58218
41266
36612
47130
4988
2617
15171
37556
4564
12188
57707
41450
43997
52776
16036
41427
2278
24353
20801
13825
468
57022
34831
12235
39212
58700
40499
14477
44018
1351
10089
1787
39707
50896
46351
14551
6928
43638
27978
58546
55544
19842
33845
19493
41311
29163
46399
11088
11405
25359
37394
886
22427
14505
58616
53384
56577
3129
536
4367
42825
2914
594
18893
34395
12202
5215
45186
28574
56933
8825
56196
4469
30572
32793
10405
29164
35998
28443
27317
14169
633
12454
21647
31702
2347
7699
8030
48318
50883
35195
27971
34427
177
21141
26321
58317
37974
43267
47412
26812
33794
2363
39835
25048
57172
24939
9313
42576
38271
38770
26649
44141
19146
40392
23055
11389
41442
47240
13206
40706
2080
13099
38470
50633
41866
24350
6909
43502
53909
3755
38438
40343
53642
11927
59959
33561
44971
8927
21108
19056
3416
10707
2133
23265
40264
31899
22276
38254
47784
24172
27846
47640
30695
48230
56574
25478
39075
206
27457
56965
12550
1601
25462
7439
27773
1052
11896
13084
45776
9860
25683
56870
55779
43509
33004
24096
53432
14183
47128
9137
49240
59257
43041
2374
41006
15993
10944
43785
29108
39804
15844
54637
28074
11080
11205
54349
19327
22990
5695
19687
42355
59053
53924
23744
55460
53946
28299
29000
59671
20111
1819
1998
40785
48376
148
53188
22757
31825
45710
4524
59071
43068
13173
4492
19982
18187
51595
36348
15598
7180
5186
51151
51
46433
9956
27309
57094
33491
17786
2635
19264
8913
50888
26760
43028
15564
38627
41933
19491
5100
12416
37160
25501
30159
23186
23925
10264
5486
6105
6332
52266
10953
6466
38884
32655
44730
56814
41124
42765
35391
23700
786
40382
49662
2194
14566
16530
8758
17990
12767
57169
43624
5036
31846
3895
59324
56556
18255
17333
45182
57881
51131
18034
9207
46060
38711
37427
58022
18585
23800
6396
26103
19557
49671
24551
20198
13232
27084
44085
9099
47942
11608
728
9647
52921
18300
39467
25379
31191
29322
8659
25927
38450
11395
30949
20791
38910
39069
26890
30708
236
37774
7217
30870
32898
13340
23384
9685
26832
36905
10652
6168
59964
17269
2351
56157
12190
23673
26624
21337
46793
54690
11903
40335
55467
39070
24971
18479
17348
46310
15091
51567
41638
55602
5555
17897
49517
16626
17736
44113
13424
53313
14004
56576
21092
58196
25532
35777
51135
46289
23028
24201
16734
19004
19001
14060
239
56400
53457
56161
39823
13468
54259
47051
37054
7617
17160
51280
31500
59752
14046
35126
41939
49845
40222
29542
35822
31202
25476
40986
11328
26053
27711
28586
6691
45120
47642
21857
47524
51434
25129
26988
22016
41724
26805
44778
47361
29192
55505
41685
14553
56391
588
24259
14173
33695
38819
57857
33387
28135
30537
44230
18803
31710
2899
868
3577
5784
57368
9016
9734
20061
52725
26394
5033
20057
33921
45236
11355
37542
20230
17552
51441
48096
53865
1316
29753
59345
46754
53127
8020
59183
45423
55094
7876
32604
3317
47170
1527
29133
4192
29528
45893
33012
33380
41140
27260
37800
55759
49462
6993
31911
3479
43778
9929
2436
42270
1852
45085
38467
13466
15880
52603
43254
1607
38442
9097
36402
47109
8566
45292
57451
30053
41008
25481
14362
26318
31782
33249
27597
4698
38345
5645
32579
37467
26882
14018
27977
24364
56338
43984
23294
1419
42450
58363
23249
8021
20899
36083
20670
43761
20631
18536
8952
6649
5391
45339
57756
48918
39871
9450
52504
59095
53996
40255
50021
25353
9192
13050
20463
33096
17235
47392
13678
58638
15434
7242
21392
51704
28980
35442
5888
19054
18492
29012
22942
47506
47454
35578
46945
29059
42629
6760
38143
621
17783
35229
3260
27704
49902
25049
123
56151
49697
36387
44686
4124
18215
10772
8480
24466
26769
45154
29480
23123
27715
54220
4066
17410
23373
49368
8182
38926
39601
12971
39721
34667
41365
32326
13020
18773
58183
51088
34959
17959
48527
42569
50523
39822
35471
22220
22618
55613
58507
18414
7866
20200
39431
40801
55827
56720
30291
5625
23977
50964
56354
5192
27249
32654
9496
42563
7515
56508
1075
49372
54026
56103
14850
50029
7234
23200
15857
51849
38558
53259
29472
8797
4741
44849
51640
8563
22325
20787
37073
41694
18977
43219
36008
5666
44783
11687
34732
26470
23905
22316
50180
2001
10905
13877
2789
32780
15715
13667
59129
4673
41835
23871
16969
38725
28485
57016
6821
57498
35206
9640
26718
18448
49377
7009
872
50298
28807
32068
17113
17609
22874
24799
59303
41278
1049
48774
4136
13316
37450
55490
48597
58654
47035
26985
53866
46704
39224
53160
32367
42375
42210
49793
14295
55812
12327
794
36063
25731
23411
54729
32056
25910
5912
40948
2375
51781
10485
10683
22725
38263
7384
17294
26617
50322
57858
27561
42830
28092
31146
23148
8490
12481
35730
37562
21000
13047
48555
25415
42762
34492
44711
48835
11700
18671
34443
47366
21909
48237
1851
21955
58993
42828
36668
16587
16639
28364
1911
52088
16334
40482
4681
18237
14306
9935
31208
9428
9330
14527
12166
30114
10832
55287
5714
50246
29633
3618
28067
39061
28668
46566
29344
47272
20675
52372
13272
52479
59041
7602
2297
32821
31674
29860
49077
17315
46911
30772
24659
626
20296
27991
30656
20727
43903
57326
18076
35697
11392
9549
39935
34259
17364
2101
6525
40003
53802
2049
17713
40763
27498
10761
25125
41505
1168
18411
44004
15387
57610
27752
44040
40589
58660
44222
39168
24101
5789
727
48307
58685
5257
5850
947
30525
34237
54117
43901
15671
9869
11055
25552
59491
38512
26091
40141
694
56883
51656
923
29961
7549
43460
3085
55049
52385
23451
44273
5727
2942
41907
27844
20330
54936
24619
24050
19721
7497
4951
58679
19302
11696
56905
39290
34221
10836
1702
43139
16516
1199
9746
11793
44048
58244
59607
45991
3731
10038
39083
22666
55105
24996
29819
32492
58200
1107
52359
46153
29775
54192
11672
36356
57709
35572
44194
51758
13729
37850
33385
53064
50796
27859
5312
35327
40074
49443
19065
44466
11871
38428
34816
17388
11595
55243
53190
42829
35288
16121
29815
18424
18679
37156
46082
14576
32418
47297
1319
46674
47944
29946
8571
59453
16487
12769
50962
4655
39772
22348
59914
4279
48617
18003
57699
8914
14616
11593
5766
54844
41422
30651
50009
13586
25558
55576
25911
7056
40370
56880
2535
58331
54318
55987
42138
21118
20766
42110
26460
39426
26753
16010
1039
7450
21355
20926
1768
51204
31614
11473
40351
36084
5017
33174
3311
10391
57278
4365
21402
55946
54382
39316
8259
893
24156
28397
58033
40794
25807
21408
48716
30831
52271
16393
26751
54395
30601
6290
9430
16747
51558
3346
31687
7683
48710
2085
31698
59015
32278
22336
9067
47466
50063
20590
37869
19507
59089
53875
2478
24946
53499
18824
41857
40643
8029
46721
11621
57177
12229
43193
47639
13734
58397
28676
6783
53134
5871
24216
32344
12546
45896
52660
35357
20126
56060
36043
2676
55629
18444
11628
51158
31730
10810
28085
46681
8612
18357
30641
8669
37226
55007
42946
24264
12157
56580
43243
59735
47299
29960
42816
39862
55884
50385
35395
30426
33632
57618
49285
34485
22152
10281
13409
24162
39269
57413
14696
52277
51372
56365
13991
42312
4578
51056
7394
46303
20836
1099
30527
29154
34197
51896
16756
48491
27375
51156
19230
25782
47971
46924
11048
23333
4292
9363
50793
37726
9445
32173
41496
16893
1379
6852
33039
13024
15458
8402
55326
31372
59090
18243
11019
21190
55265
8092
50142
46716
37509
9940
59639
16526
9337
24070
48042
49500
48537
28206
2930
2163
28988
54069
25702
14175
5676
35836
42396
32543
50895
18801
52221
47120
13411
56117
45805
54593
26818
1299
12028
53230
44129
29452
24929
44418
7763
11368
6958
22474
6249
16077
40130
37380
21600
10643
21285
8430
863
23237
57471
48624
2736
29588
9311
44235
19813
11506
24926
6395
56375
37249
53512
52130
36829
30924
43958
19061
21322
34836
39443
15574
31077
32776
12280
29204
8770
52133
25350
50267
10517
52290
11778
49619
35752
23748
17723
12267
24191
42114
49479
7470
8591
7434
36881
6251
47680
38569
9434
47601
37985
6217
43696
6045
11619
49530
14984
59602
30436
52514
32159
36844
58687
12768
55292
25827
45148
39881
24875
141
16891
35263
14699
39388
50631
54468
2908
43174
50059
4467
1738
47989
13192
31100
44772
32209
25433
35168
28948
39342
26156
14991
21163
56984
25443
35992
10620
50349
42867
8839
11323
22382
52962
8388
13163
6832
55207
58909
24991
46708
57574
28947
33894
1974
54741
48692
27636
42398
48487
6966
32856
8576
41049
57529
33020
18022
8183
23810
39214
1161
32061
39010
55762
49272
53516
14897
22177
26570
39311
19029
41291
38060
22224
54749
34570
20364
35584
18449
18831
9600
53084
7372
57009
41524
24329
48022
37689
34774
2512
11046
10984
40048
33469
55527
19416
20517
53855
34363
9656
28802
49583
34718
39487
9991
1941
49241
49116
58790
28674
57261
52368
11815
19421
38930
11354
29465
4850
19883
23172
11771
50993
10256
32355
30629
23121
51843
57845
45614
46172
58590
17945
39556
13924
18475
38415
57966
17665
10436
42080
5898
50065
41392
30379
20165
24303
28189
18624
30268
26849
24549
58971
31583
43366
56120
42473
4820
6695
46088
119
25205
51222
46461
58182
7347
39304
3431
1901
7255
2926
20417
12013
33279
24027
15325
18829
1267
21936
37060
30200
1347
25121
20391
57649
7744
2288
48019
42137
51959
44816
14809
19884
52082
48561
6219
52272
39174
47252
45145
15613
48995
12927
29135
51616
34778
38145
46354
33549
20860
49781
23084
14496
16710
15707
58884
18086
38117
15205
35640
27917
36312
35493
5374
24460
11664
38591
24169
22155
23484
37679
25791
38464
33150
54879
28311
26363
37775
53026
10671
4685
30039
36589
16185
3682
7116
58380
41385
5613
47738
24860
745
31131
46173
9619
36641
50653
33613
6107
17340
12955
46316
39797
29142
6009
43273
12148
43407
49818
49727
48727
88
10534
31543
18752
35669
1775
54935
33244
2273
1525
317
36215
5751
47449
23072
29603
57508
40111
21692
49779
7462
7231
21207
9720
8254
28261
7083
29957
29945
12592
48016
18260
22925
26942
24206
46970
15239
29319
33543
42696
40852
26609
2605
36394
58708
24444
40604
4671
21009
22054
2922
17469
36630
55757
36577
43985
46825
14845
44474
30081
19662
51799
33744
28712
15220
438
18806
30218
53
19994
20466
14349
35912
37271
32810
10769
32019
54419
4368
49295
3278
24500
50872
51505
18712
27706
26821
24076
18825
25618
14608
18334
48497
670
7969
47964
39285
59113
20071
54200
25103
37466
56524
47123
16839
48916
15053
51553
59121
22909
40109
10037
33221
13044
56076
30357
13846
51720
37052
53662
41151
28578
55761
16511
38692
32540
2966
44289
18322
46349
31304
58647
20711
18356
21977
53488
18370
45752
25902
6397
45390
10721
33641
52016
7344
11558
18206
3857
58784
18164
9603
14305
12792
671
25143
6324
43579
42501
13
2083
36412
44106
40043
58883
31453
39288
54438
18892
17426
34397
12180
454
24132
9990
36915
32742
22965
1262
23149
38854
55772
31686
36815
49432
53877
56181
52546
4711
44411
10069
18306
15341
15320
10806
53319
28434
38588
40151
32135
9089
40196
23251
26319
29833
21148
37490
51832
55487
44089
6563
56555
7904
56560
8649
40925
17844
25352
24844
2072
3604
44724
32918
31467
14129
16856
3483
15090
40170
4684
20179
52572
49070
11074
12049
1028
10645
10696
33869
56343
6432
37166
12558
19654
34385
35343
6988
53689
25826
34072
40740
10726
32195
37257
8898
51192
14787
45745
7893
40462
36716
30226
32902
25199
19653
50025
10434
29663
11991
14464
894
10412
30805
17684
47311
45670
19164
3743
348
24242
18794
59521
23960
9273
717
15619
46064
7122
28840
5742
22035
51059
23051
4907
8969
32460
18887
17347
39258
10697
35243
37934
56290
34234
37098
57563
16931
11237
58278
14688
31021
15084
30508
39481
8462
23159
8502
58248
53119
57686
28697
26626
10342
297
8373
54027
6918
8434
4408
53412
13813
36252
49242
810
59710
24034
7399
18750
38347
45800
11045
21138
23575
3681
32192
31732
13558
38352
3106
34313
52787
29509
55322
54677
26369
31774
23214
34563
15169
42457
53644
41641
21942
45802
3885
36367
48502
33302
15371
858
57043
27987
47777
28875
28989
43586
3387
16019
30526
19943
22247
27354
19801
44189
7573
14993
43317
24281
10288
5341
10430
2306
45433
3290
6351
38294
29636
22015
9632
9833
17891
55929
22593
32487
13115
53514
21761
2486
50991
45110
32409
16614
12012
41114
57302
46152
41198
8418
51398
7755
12376
56894
43089
12281
7123
54139
51482
11934
18978
56270
55236
2955
20638
18023
47937
37274
2875
33225
6021
45378
6340
24188
18993
20383
20708
38521
33868
15856
47267
2396
11183
7435
11958
59252
2475
57403
10989
53509
53893
49032
45515
58237
49858
28591
46814
34608
43926
12043
12635
40917
50169
44745
25119
1908
38154
58717
9306
24914
38813
57592
50422
40858
22546
50885
45689
59867
8347
12915
13186
51747
17647
41581
52894
13577
36733
38827
42021
9827
3785
20704
25397
23835
57860
57849
6208
1566
37243
46070
54575
41872
27103
5631
47543
42956
46622
18505
45417
53553
18657
692
41840
27407
26601
28569
61
24892
5001
44722
8979
46547
824
31974
3363
40528
34409
24356
26150
12710
58555
36263
14157
46667
50865
39498
21812
41028
54480
23277
41058
41713
7734
44308
54076
16523
7282
7199
42955
46133
46299
17305
6480
22606
11779
22986
49138
4207
26706
50032
37016
33292
41395
42859
27813
54267
5107
30170
13013
22748
36297
21213
33486
30004
11951
15321
16471
27041
25836
40375
8448
28818
6640
3335
48303
36516
18537
30471
49855
43112
6175
21420
46908
8305
380
42220
34436
3589
42862
925
21841
58367
43704
32784
34748
48847
37
35475
41355
31157
14629
10791
35908
44914
18737
26542
34077
53220
30167
17588
37248
23154
28119
22005
29967
18347
1166
4683
59800
6554
2566
16182
1055
25931
32777
6677
39442
8155
15842
26683
39908
42964
39589
48854
18171
15273
54908
19006
41106
3158
39554
49468
5325
27569
5703
34096
10325
21440
8209
49412
36100
17302
37354
16671
24791
49399
45257
12762
6077
35804
6424
1756
35810
38634
27312
48204
20457
35072
16524
15412
42028
12253
42120
48891
28495
51495
40820
29600
23961
12838
36543
26124
2839
44597
13803
43682
2587
42751
56361
20173
42672
29646
59039
8782
21601
15716
46555
23331
55622
50662
56676
41859
25963
29100
36795
32547
26620
34897
27137
51577
39923
59054
43419
1976
59552
32205
2941
1626
49449
15951
55394
30442
55698
15816
13681
27362
15848
37210
1191
29594
3332
34588
4472
25423
5690
10987
2604
25577
14272
26893
30079
8851
51017
46185
52635
37061
42030
1847
2149
14883
12351
11654
33977
48626
17694
528
28201
11742
37485
56563
20008
36820
5171
53333
41926
41417
43938
58064
54006
49508
56474
35740
21532
30241
26621
44001
1951
43281
12052
24592
18032
32584
22302
54576
51883
55398
5252
16946
6681
26549
38087
56747
42045
22387
57112
24480
23327
49415
39494
45065
48264
58344
4084
24061
41086
25250
48560
57251
30917
14335
38783
59227
42837
41214
4282
54848
40020
47865
5509
7413
3137
58113
38081
28857
20286
48279
28693
47726
19270
54164
38808
53526
47380
3369
18059
21004
51266
32946
51297
7425
57869
59772
14858
30160
34463
55285
1326
33207
13522
8038
41088
4755
37209
25520
11030
50078
58497
49388
59493
14022
34892
29279
33788
51671
16356
18394
19096
35865
27347
51618
21855
13305
42159
24966
36599
53708
41669
42441
19500
814
2097
4983
12482
7938
40495
17761
12263
19865
11607
43086
40250
25722
6474
9114
41667
46653
12279
44419
51877
52404
20352
35672
25053
18442
19158
38242
31934
45334
39864
34268
29638
24757
45371
59064
41977
45831
18999
12863
45716
33721
3362
38750
59467
58362
21461
56901
31285
3827
10176
23756
30165
15927
27017
36621
32656
42729
16752
42154
52041
28247
53967
8691
10369
38005
38636
37224
48831
5180
7422
54281
3732
3579
42847
16617
30329
52379
45028
41031
44622
36027
52809
40487
3111
23435
38673
4773
44119
28915
3100
19922
48674
30349
22313
34752
47441
52702
28273
28025
38972
55032
41646
24187
23781
53075
23173
31196
22943
33885
25409
55044
24049
50409
14439
1097
49016
43694
31261
29264
48145
44349
49038
8614
30410
27085
17643
54649
35797
36526
29795
22491
5974
22856
51438
12323
36563
52332
31445
15132
21614
18771
55185
4045
59375
27065
1053
13900
47084
46930
20554
45774
4870
16432
31571
22790
5644
3357
12152
33328
53076
12182
49755
8382
21741
15597
8660
35313
26871
7343
10130
16833
52890
13880
32424
40895
23329
58134
22468
51390
16111
34139
3436
29113
19815
415
43129
24834
53343
32240
59868
50507
46630
9908
38821
4867
19886
52419
10723
30120
36406
6330
29186
36636
50960
24134
37950
54326
7418
18470
55209
56122
25825
30281
4558
30311
33494
15442
19958
12540
34827
36286
10329
11541
16855
41036
41325
17466
59307
26801
2461
56779
31895
33684
1050
55482
15685
30889
30556
34918
50976
46920
31102
30957
28649
50146
53186
56886
6455
56927
49828
34687
44644
25166
51529
55881
37860
30048
20718
13982
27484
11066
16097
14570
9176
29992
28500
19378
54424
43425
58951
47562
31811
37806
31670
8846
25629
6813
3441
41023
51766
1173
50402
36159
11685
35511
59025
31350
48084
11761
9597
27585
58926
32413
6066
27236
9591
3235
34355
38012
20434
49381
59196
56386
59703
48738
41243
6701
15452
17411
12608
35956
3902
27475
29463
11916
37478
21680
12345
23992
47528
10834
45855
2366
20426
45895
10298
46236
3644
59845
42770
40333
23847
7936
52132
34880
15605
16366
10345
45143
46121
22253
30377
2186
19220
27432
4374
12978
22615
6830
2104
20863
56766
45925
31392
21809
1264
28141
57943
23586
50810
43395
41698
3288
58436
11340
4181
3796
12618
8312
46567
30413
17224
22256
49266
1067
43873
1613
52686
663
29625
12899
40229
41662
44169
45645
18336
24623
35723
52576
9433
51880
28293
44888
33490
44907
47590
48197
16002
39777
34022
20769
3347
23205
42165
50077
1723
38730
11490
43100
43091
53621
4050
36742
49294
11725
28908
52562
27130
54312
53556
20112
16394
7119
43315
34985
14138
24404
39222
48276
21584
54972
40788
49383
8644
7230
36000
4946
6921
31883
3706
52600
24458
56040
23022
58730
49882
28257
20858
16687
5831
50245
34334
50320
19509
112
17530
37893
12170
31743
52826
11419
30306
43282
41175
7290
13514
52173
55163
53253
11478
13137
59683
53041
39081
21310
13160
54379
13365
10222
58682
40791
54111
408
18181
1390
27422
3271
59078
54350
24212
34553
24275
9838
57212
15627
10895
14114
9918
43998
39636
38059
6773
38576
48767
49785
7025
54883
23729
21269
8261
24337
48472
30308
1873
53965
46079
5302
37511
34380
52673
42735
41738
35724
39113
50953
5568
50580
39635
49039
10185
54434
56445
52089
51331
35431
5467
42415
32014
1348
41833
8439
7630
34278
29853
48745
1845
27384
16806
13860
6196
24417
22460
2525
41318
54344
55756
1686
38020
28939
50342
8999
35996
30416
34109
45954
52084
42054
35811
56844
29541
45216
9931
46390
41242
33795
26608
37095
24479
57171
44340
12933
33517
30256
11455
3929
30856
44802
39419
9904
43538
41947
49956
43082
44360
50575
36221
28511
33062
43782
55139
17268
56198
32627
19469
28103
1454
2433
6415
14003
3976
11762
54503
17173
29649
8494
52047
12707
39949
17300
27112
36351
4762
37379
50380
15784
7689
57817
55257
6663
43531
17641
51123
38537
30617
36993
53301
37230
38072
27113
11054
29838
1594
42412
25842
10231
37862
53019
59962
48922
49477
42868
23915
35279
48208
31193
14340
19177
4307
40477
52728
13058
47227
21642
53306
3464
3495
57066
45061
56409
10050
22526
37628
10178
18998
6413
28050
51392
19205
13107
7113
11244
56426
817
35985
31681
5932
22278
4584
6292
17330
5903
23825
23125
34697
8951
48746
5283
36246
12321
12383
33331
38699
43571
29406
7814
13636
37433
32508
43688
40623
2894
48892
42754
156
56222
49970
35179
2803
6892
13038
25203
33945
20629
23492
46410
16252
11530
14589
44127
8224
7883
838
6745
28935
25469
15529
29421
40187
47494
54203
33137
8510
18132
30738
27724
45891
46806
10867
52520
6373
27182
27826
42099
45625
22154
1780
7526
52066
48841
48481
25666
31749
53255
24582
59112
52299
50979
55610
3664
29584
43866
44903
41888
971
7114
18564
48057
25314
32949
17051
57700
33447
36920
39067
26679
26100
125
41229
36103
10768
31043
37787
3723
4082
9605
4148
347
7557
23210
5249
3492
54499
43706
17612
48945
31268
3594
33101
53482
23617
16796
31172
29026
8667
1375
9562
27208
15180
11602
44526
1860
20674
37601
5077
13521
47473
18031
907
23287
7742
21919
33648
39590
14807
842
37150
9856
40280
39332
23778
24517
46665
50441
58741
23472
58016
27668
31186
31939
54128
33429
45210
18768
43311
9903
20373
3516
2598
41832
43108
57119
26850
31817
6443
8414
1734
10812
16813
31151
19452
6122
7925
25627
31441
57467
29015
30095
47086
38774
9755
3472
28879
39065
45977
16743
13780
19960
59379
11402
53753
2059
1003
45027
28928
56876
330
11723
24906
34
6103
58081
46207
51682
36623
24433
34780
33527
24891
55276
58324
18876
7174
58501
11545
13647
46760
40666
51922
36827
17361
31322
50832
2865
26010
27314
43611
23223
7209
2679
10009
56466
34071
14648
17449
19428
49876
3547
41413
19972
3134
8856
49612
16985
42379
28445
53198
15606
56325
55631
19829
57758
51236
2775
13266
54263
3519
52183
17816
9178
15046
48621
21676
45758
6419
2969
27434
24043
56413
50443
40967
18421
20441
30668
15471
13776
5128
57586
17693
41931
537
46544
49112
45794
46511
30333
44777
28335
47309
7772
32630
51278
30730
27232
20894
24344
18046
6625
52258
37516
45140
11566
30239
53422
20438
399
49837
44735
51774
55379
11829
29699
19602
54713
24017
15296
13534
19551
12875
13015
47199
45957
6284
17240
59645
13203
58258
28847
6696
37282
16045
24722
22516
14291
26902
56971
9785
19896
58986
31665
41215
3590
41777
57646
39821
43402
30958
35600
12370
48570
26411
980
46882
47998
36287
3379
23917
56875
9530
18223
49056
7717
13170
59127
9005
53755
56446
53139
6022
21950
11367
31240
14571
14663
10907
35541
54295
22845
29431
46503
42264
33083
56020
3551
23409
9675
38747
59500
14679
12998
4440
52205
53844
58166
15328
29673
3787
31602
59692
23652
14354
31932
8516
37395
4488
2153
47332
35926
19674
40771
55548
43975
23715
40112
18458
12775
57269
19030
109
29583
37120
42584
56553
9800
54857
49
12539
7657
17493
45220
6500
3617
45268
38232
21164
13459
34224
22641
10564
21485
36761
23979
1731
6997
55996
45698
38913
43114
57648
33652
5025
38607
59194
59305
25304
40037
25566
27972
47090
22022
59035
51375
23167
14494
55040
41279
51357
46946
22537
4540
5065
25173
55979
37554
57721
52057
23708
5090
31839
49307
28883
39968
49702
10676
9976
34002
22251
49417
45250
55440
58312
50831
58053
7819
55373
29486
57832
35140
12836
42783
7546
58743
43533
31074
38732
14520
27796
48911
51964
18654
51615
59097
11112
23426
42221
23444
6470
30365
55502
49720
52584
59082
5647
42880
4892
52568
11318
17591
14671
40762
29291
55589
51680
34322
52581
38175
2578
21328
55670
29231
16663
53042
30487
53942
46366
37182
7895
29776
46809
45615
48342
46849
20449
52602
2721
381
35182
2212
8654
23111
29569
40684
30219
39956
59083
29614
39895
24068
13570
11144
26779
24154
6999
41797
34168
39424
15005
1663
2611
4826
20510
1414
13699
51400
10705
8921
57491
12948
20080
50937
58459
18636
5642
53907
56115
18249
1747
22868
43428
36194
47333
27021
45910
43301
4201
22275
47603
32964
3771
29809
48632
55617
35514
18742
33858
24257
23370
27155
59704
52207
14424
22649
14601
19834
23627
51320
54627
16536
14369
21202
57317
57834
23904
52804
34311
59285
50782
52019
48728
19582
7433
37741
41240
55719
33551
24422
30400
2645
13222
59342
13919
49017
51021
25674
27559
15726
50147
16086
16702
44124
25285
17371
29285
19698
33938
54691
51612
34814
19151
14824
3757
19073
34539
51739
38042
5785
52657
32743
46578
13385
19103
20635
51130
21908
29599
1016
18677
58850
38776
21248
1995
27696
24332
36461
49033
51047
5095
16684
39381
13248
711
33313
53759
16921
41687
39873
53778
54016
57904
35397
8529
47523
3778
31513
43689
20431
31192
58709
49597
911
14269
43304
31198
21595
45386
55124
34416
26119
10803
20555
27325
8487
11370
33340
12041
58162
11173
3575
1574
3015
12283
45004
52902
33357
34902
48399
45562
29327
18469
55821
7821
8310
13913
52948
46071
45316
13146
44898
41477
12397
30872
26301
19009
11522
35332
46728
31921
31210
51995
5556
57425
26050
40485
53664
57794
45810
17114
19266
2862
59159
32647
50549
26965
3388
33687
49795
14279
4691
33739
47695
7302
2620
14562
24648
43551
20790
22956
57650
14592
606
20543
34813
56511
43850
24161
29642
13218
26680
8067
48144
35323
44776
19573
53307
56126
20149
17789
31945
45952
18429
27195
48068
33448
57887
7186
5704
50595
11203
9269
30285
3037
54449
24842
93
58332
19774
25939
5846
34166
18478
1188
42105
8768
53782
32608
17234
46761
21457
27873
21139
4054
28750
36721
58006
34641
54447
22504
21
40316
52420
26954
941
2612
59686
48369
53674
5173
21881
35335
48147
3522
15933
16499
28043
701
56874
6537
25322
54024
24886
43558
58667
41350
9124
12738
32804
12988
23335
7130
16409
42678
52840
51997
4028
53710
5638
19766
14202
13157
7981
47729
23475
2943
21535
48650
18194
18238
53928
5928
55059
14348
17172
32393
10856
19346
19708
22571
58662
23004
20453
5518
52969
15639
902
30673
45240
25985
29180
3944
36978
52777
23641
43498
24037
34973
38496
56869
25805
16903
30321
33669
3040
10188
54671
28378
7017
58123
53567
34650
938
25551
53569
18640
54895
33799
45720
59933
23635
18748
18197
59281
27879
12150
7179
53404
51099
38752
15928
13085
19474
39841
1507
58300
8251
48748
23090
2452
46411
34316
26493
30433
21054
37339
49376
54354
8968
55055
43598
30286
18942
15626
7228
19794
54938
44557
59642
809
21799
21503
33690
36151
50442
55123
35454
15699
56265
46035
11349
9758
25738
50547
44672
10291
16834
4105
33476
53316
38550
41397
48231
30666
31858
34786
11513
29370
20343
26334
34162
25678
13819
7026
40131
16840
37903
3023
52964
32333
44573
22245
32258
41316
20793
9268
13796
29468
43005
37146
57292
20127
5649
18454
39909
32899
34745
58442
44634
47707
18024
54804
23844
27074
34547
29166
20749
34870
48610
15145
7490
27283
56513
1367
39506
368
26687
45369
53109
15423
51027
31946
55197
22352
36866
21187
54118
1302
42424
33990
25796
22782
18956
13658
13351
12535
12192
33190
16844
7592
38886
29384
26922
49334
40318
3019
44831
54273
52283
3248
50204
18403
54431
31958
54283
400
30282
17926
3600
19455
32395
47387
29313
44007
25190
31454
54874
42680
45105
53086
15343
8910
51176
40247
33766
26930
59775
29719
23351
37277
25502
15034
35449
34394
28046
48024
3572
20124
19918
33474
54109
36895
15593
1740
4891
17815
48634
1350
16825
4911
13646
24727
43414
27862
44395
9810
25229
52853
57878
49231
41326
55335
10495
41510
18108
45198
29375
18015
15662
10842
42689
24360
30149
30298
28139
12576
19518
50625
52499
38074
51493
12439
37852
9049
51999
7825
51422
47046
36331
8923
8024
303
3371
6481
38122
33468
15988
38782
49083
6113
9007
35420
34556
18278
32372
9142
42662
39999
19887
45368
13023
16881
55993
16102
47786
4884
40110
11894
47185
5227
30952
52716
19770
4418
47579
25875
30469
3598
20548
33619
38162
11560
27803
27867
57277
12230
45076
41877
11169
20867
52464
32459
18340
38202
985
58963
10091
44354
5354
38017
57608
46186
30415
765
964
46848
3026
30578
39507
22375
37456
22809
15488
15616
59
25950
26058
47630
29298
9943
37968
46677
57356
37715
8802
43133
39185
4393
3566
54867
23983
25114
825
43708
16055
55087
51915
48595
48095
34094
48884
52909
38663
48493
14027
37965
23560
301
2817
43051
25993
42561
23399
23117
16325
20360
4489
37205
58195
39755
9529
31584
31792
49375
9617
40515
39499
14995
4423
18512
30933
48132
5730
46758
14932
44293
52162
36272
24126
28179
5849
41696
12977
52998
53354
26154
14336
14600
14706
3224
7582
23679
57941
44247
58204
34860
53222
27433
20529
21099
11638
40158
36858
14602
31314
18409
20846
57396
2849
23469
51244
48850
14150
53362
33925
47559
48775
52955
57462
26488
37885
16035
21830
59920
6357
25132
13329
26938
28223
19075
3239
16554
13916
7294
51923
31398
34738
28788
24131
5130
33477
30929
40350
35253
33521
54506
23584
32442
640
6526
41443
16337
58285
55165
34379
35864
21160
58438
44435
30637
31064
59413
51954
36172
56639
11007
51201
20481
58443
59224
43527
46446
11397
33196
14366
33707
25535
8549
31028
42686
39455
48820
21060
42203
51211
17264
33420
49701
27800
43233
9535
50343
11691
31348
8176
804
1632
3687
26114
48206
27447
59288
10581
34503
8455
37078
45071
16619
29208
12902
54279
30932
23758
1054
17548
42428
20819
90
18777
16130
39677
18550
16479
52478
59717
5614
8705
33593
25401
10015
29827
30674
3433
24697
6131
56756
16613
2695
56239
16578
40296
58035
10751
7779
55380
33553
5616
39551
18485
10309
6140
6261
1060
33520
45348
17342
58268
47411
25766
40752
5361
3917
41763
20878
30228
13652
56230
12369
46050
45161
14674
25013
10909
41148
4641
41330
51294
22819
29489
24247
54799
8725
50579
17629
59976
58725
44170
49151
21225
48974
17100
12734
17258
58653
12039
22110
19489
43078
23855
28624
18205
5681
4004
53940
31341
27842
23224
32966
15591
21229
9686
56959
17041
42153
3017
28619
5735
14896
13348
32111
46341
30710
29175
28728
51019
59623
43673
57984
32515
43548
52399
47058
55216
55480
59495
6781
48735
32335
20400
34992
17281
24739
31833
25357
17421
43604
56025
19951
53077
44056
39565
33909
9736
19108
33414
2970
25727
48929
49394
57569
51901
23246
22583
11377
29551
3132
35183
31354
34832
58844
54244
5144
20827
18484
15739
47324
16670
29162
52318
23301
21279
47071
17212
1160
29359
13267
8364
48128
26003
37503
32403
10550
33719
23099
53846
12469
40081
51217
45116
30678
2360
47519
5379
6863
37999
437
396
51337
39479
51610
8653
47105
55014
30878
39919
5338
1954
35862
44953
9399
40302
35209
35799
3856
2521
27072
53098
33100
20346
59526
55596
32308
43784
33967
50474
7334
18286
17839
16295
59299
45641
19558
45175
31406
22394
34805
31752
9491
38874
39406
42917
58716
36740
2628
20268
25944
51973
241
40909
16750
48356
54214
11967
57055
54290
27463
50656
8559
15261
42896
23135
37301
22202
7223
29515
27918
50227
51362
34810
34226
36413
16888
49933
27035
57771
38486
45853
5554
7667
19440
38246
35589
52788
39958
23600
48871
26909
51945
58184
55825
11818
49613
41042
50694
50102
30299
17507
18016
23019
30967
46675
23569
9887
22130
43370
8815
3153
35022
44485
39855
28199
41491
28901
29346
53199
14043
29382
43710
58115
10883
35720
34050
38335
38329
22940
4843
57654
49355
21631
16093
40291
33452
13122
5944
50487
19208
15725
4905
17479
59742
51516
19031
59712
41263
23642
8376
1468
1038
57253
34677
9376
49675
39154
5158
16320
59569
23039
28129
23415
19544
50070
17476
4224
54213
39491
52906
51779
4878
56619
34419
41546
2242
22958
54388
35135
12119
2376
44930
9752
17589
2940
34456
4211
49822
40826
21889
3071
36857
20307
12547
11752
43125
4382
46325
53492
3227
53993
23304
12797
44115
48972
29374
51005
41079
3842
25694
14466
31933
40933
8708
29639
28599
11201
4417
34309
6507
20700
15177
9599
31905
47656
34861
45214
6886
35534
