2429
13678
54799
675
20670
34911
25235
1288
21089
9956
40142
57494
34429
23576
4587
50255
40096
35092
47457
32776
63579
34491
53803
52024
43457
49479
51335
45684
1987
40509
10051
49963
43557
861
53211
13129
48155
40312
11896
11275
47833
3219
9221
46497
40352
25335
61096
16486
25307
16822
10141
61907
9513
1458
47000
8009
29753
16762
34549
38723
36003
28184
61672
6349
14522
39024
35162
13744
29595
30788
48377
12341
53840
49596
7442
48897
7820
28667
43077
8106
9038
38399
45727
9194
38056
58188
62727
65261
18476
20320
22761
5112
9157
40198
40472
56908
9151
6188
6388
56055
54252
3527
46907
1050
29498
44202
41940
6548
47984
49209
58166
37716
30662
65242
18655
39966
20991
65565
55277
36704
32827
16255
45290
44068
51942
47145
61142
40719
24826
4959
64153
8013
43884
67247
4637
35850
57417
55823
27969
17388
65000
65404
4712
13378
47729
29989
52564
34743
27021
33432
42517
40810
31570
57396
61198
13487
51455
62069
38755
21033
12548
31762
62744
6965
52978
60295
42348
14147
9154
12351
52801
55134
11341
14731
63029
10462
60695
47050
17904
45027
28144
20702
16515
10147
6107
46992
38838
50289
17406
6130
31833
24474
15960
43303
65944
20621
43260
39283
54487
65532
53661
47889
60328
2837
12986
16423
25843
23863
23543
5732
8500
39725
25021
7325
50573
24863
2619
46545
31450
6755
45246
30077
2389
35899
9262
14222
33422
31475
20906
59530
1191
29203
54545
7048
38712
19948
22822
656
54055
48246
19469
12997
61447
25352
49637
23035
12500
29340
66569
47512
39099
34485
25821
50146
45882
22709
40202
29199
40705
54014
40338
39536
62254
21374
7531
47992
42873
47761
14480
62911
45831
23850
795
22528
20285
64629
32533
26306
20070
31348
21299
9916
63650
54692
49359
21385
9810
5329
40960
24377
5860
30821
23490
19359
34019
60824
29153
47026
28657
34386
67226
17859
28641
39296
22790
58566
15791
66057
56993
50735
48156
55752
4863
5058
37143
38861
51056
53536
30435
54202
6974
27108
53377
44180
18354
18909
36654
65251
2289
63058
16954
47048
20550
59439
21991
61769
594
34608
24538
23630
17897
56260
24345
9685
54325
10572
9284
20039
54985
8572
7982
617
53194
21015
55798
169
2832
44854
48863
60125
5021
28509
55759
28252
25372
37329
1851
25097
18211
56773
361
24353
10465
9977
17987
66042
42036
11107
50302
11103
40667
28523
26887
33504
41188
29362
28285
16110
47262
23562
3228
43938
64923
31252
9739
33339
53286
61354
50204
44961
57746
56134
19729
31094
20548
8544
47577
22763
6424
13913
13527
19222
61086
206
15162
13357
22628
57021
22192
2014
35295
64603
19371
55633
20344
20630
42553
35310
36169
24816
16580
24984
29519
61786
37203
38511
46336
64439
20854
5314
13655
52152
20614
1439
23394
46858
28876
21357
17943
18683
46600
65464
64767
29048
21471
49619
33364
48171
30449
7096
39793
10379
67237
57764
43648
22745
13851
57668
58229
26297
54707
2163
37667
59021
4839
22226
22623
28950
48979
62043
18748
5169
41477
22339
34763
25445
60846
42734
8426
43871
39992
36697
46500
48121
7171
25673
36560
24844
15146
50574
23960
10067
2103
60682
32627
27004
40738
43255
47242
10964
16950
35803
29805
32031
35704
45735
347
54205
65485
26459
10949
7633
2488
36105
55840
51611
67134
10122
49387
14035
21664
40593
32013
12098
52716
19079
43402
56824
49347
2104
14037
17510
44056
31171
47415
8372
62205
42783
63061
42932
63810
36807
55906
28324
40421
18991
45744
64351
19374
7763
3137
23083
54007
11246
1190
39556
34172
67330
28658
6353
12436
4376
39550
47141
21095
47014
52601
5871
53128
30551
18462
13327
4918
20963
36206
3741
46878
38187
254
26385
2934
50333
65478
969
2475
35762
58171
10022
47837
26351
7655
55686
46805
59699
14906
9255
61933
12478
44092
35305
56492
20311
21120
6472
21508
6962
65116
33662
27727
27608
43128
16284
518
67055
33404
46767
15866
52262
43905
5538
14804
2232
17362
36457
59041
16391
6266
9779
52442
54717
60598
52424
50181
51598
39825
20080
24939
40249
55074
57059
20387
15923
8615
820
21387
21583
28146
56898
6699
56846
24952
106
33625
29057
62558
45084
14330
18676
5912
61125
46367
37515
36157
16457
26843
18316
27346
19675
38714
46813
18801
54237
33188
51460
20448
27325
18497
55143
63846
27069
39721
7513
50794
66818
20543
56878
45608
27334
47493
45774
51487
11605
47214
23368
56617
4087
25757
48584
58900
67082
3123
44656
32460
44264
58931
12431
43602
17044
56392
9883
29192
31187
31342
4422
55225
45660
40476
5176
11794
24138
11404
8219
50798
49606
16482
43054
1155
15876
12058
38076
10094
52466
26156
4394
41518
26562
56551
15161
11413
389
65637
53580
40712
26884
17143
2845
12330
43225
46584
3478
22268
66817
15853
17944
25774
20935
40
64666
16480
8647
63210
48214
49987
24996
34739
52654
53058
21969
51504
40104
13849
46743
41778
16765
1994
33148
60240
65498
14786
65696
50778
62079
49470
40650
15132
39003
61465
36860
13684
53608
49770
56707
13721
55669
36337
62485
7509
3103
55975
5014
34011
47423
27493
64340
60760
49044
11602
50166
16043
27333
21587
20098
61343
12976
17461
24065
47688
36017
59030
45324
18206
41852
4419
12360
58167
3735
32151
13075
7037
64184
1453
35466
59695
26381
59325
11900
16826
61854
59548
28598
60223
36623
60730
35542
5864
61312
32786
10005
38659
12922
31057
48406
4045
54058
19447
53091
49213
67092
66868
58672
11054
3334
57441
40606
52169
12432
9872
31103
66363
15060
53499
54090
5076
51970
42704
66741
64652
38887
60622
11344
32259
40869
26501
50244
2353
49282
16476
50857
23042
14002
18722
60179
51208
41254
8146
45230
1324
37797
12873
7528
45046
33962
36156
40225
20463
18740
29936
43543
12788
60684
50197
26551
33002
13878
24783
13408
36625
63421
51781
45920
56153
1529
54374
30813
45804
63152
48616
36452
10290
25714
46009
47777
8934
15693
12366
1784
4779
34150
19225
5373
15999
16884
54710
47640
28327
52606
32583
26026
44159
14896
50941
14263
31899
61379
61744
61592
62460
66968
64592
45690
54586
21184
29288
13371
23255
35561
7305
2652
5523
40135
679
6998
8549
943
58433
42909
58977
10622
22587
60714
37519
39582
51200
23245
60163
37771
53736
12857
32261
28220
63926
5799
1243
65545
39097
2191
2555
11074
55262
4624
48636
528
28420
32089
50360
56852
63264
17245
36685
48007
50411
37161
56418
2173
47171
6052
60843
48736
29277
16920
33123
34529
13000
50378
48363
44619
29034
5931
35703
779
967
29095
49142
30652
26856
39210
61712
9118
65408
19552
4444
27744
28296
20814
64069
38427
8302
17014
55097
21062
19966
8114
38376
64329
20547
10746
50089
32496
30752
59532
40144
64856
10738
44790
21512
18959
19041
8311
417
25273
48764
2155
43377
28475
15789
48380
23572
32526
3118
6372
20085
51130
20805
32633
39707
6478
7499
3082
2656
14101
50734
2938
56108
26350
15233
14327
23568
31334
53986
36340
11837
12276
4076
20586
13640
19788
4648
9680
6960
63905
22235
31460
67047
58302
3414
22772
27247
35208
5383
38185
17040
8153
41781
54020
59175
21966
36689
3923
22811
31921
46991
50584
43900
38607
42732
32565
480
30531
35080
17693
36832
48860
29592
39430
1590
16913
7107
16549
17457
30707
16540
57269
39889
39022
53162
42386
47934
12006
33742
34028
13740
23547
5175
54229
3823
4850
14186
4870
6523
17632
27857
44048
16619
32153
24455
45505
60462
42955
44899
15690
43453
17744
17303
10700
28593
21840
34606
29241
7056
61691
42370
12703
41969
15478
13139
33021
16063
59790
13621
46555
41201
33982
24522
3143
32851
3180
32699
53423
4726
24527
60970
46868
52837
61019
37979
27854
57709
13991
40617
5189
66116
55111
29923
64925
8688
1184
1898
7971
19720
52316
46829
56812
15710
52735
61387
44622
16224
14616
14192
39958
48148
8273
36644
55866
7460
59595
49786
41750
6180
15728
27016
38737
41888
14507
23744
31606
41062
59798
23784
58075
52808
37388
49799
9275
4679
65392
65812
44273
18862
1485
33255
13226
4606
26333
19730
27981
11703
38786
6708
24929
42543
36507
10092
66282
66428
9388
63952
28623
20370
34893
26925
67083
41204
50066
37314
1682
13444
29806
46916
36579
38628
43170
27054
19302
38973
43524
52260
30171
57087
52914
42332
18861
53530
43212
22361
51545
37849
35065
56603
55581
26900
56596
17133
40138
10488
20871
62703
44942
36150
9614
34826
8495
44673
3321
50306
9002
43979
61015
33359
17172
40429
58600
6161
62622
54895
52633
67147
3631
42104
24558
23517
16817
28608
18017
30450
20563
7199
7995
61202
36218
56564
29496
57508
1607
39710
30728
59693
46093
46280
1723
52847
37808
47180
38934
27482
56151
44849
22783
16306
30328
18679
31086
6037
14400
32574
35618
61366
29456
54398
39259
49595
20617
7413
20473
9831
32034
8428
34290
4214
1744
54060
46552
58422
45840
16406
58248
33963
28819
26247
23443
24781
59266
66942
29355
9081
13152
54601
22948
41423
17554
56453
1252
4721
2371
54395
27530
58497
60951
34306
32083
15381
5193
28185
22928
58185
24949
15767
36765
4433
56365
66437
67227
25777
49695
20611
45610
14437
533
51797
37888
32330
37986
42636
65856
51362
35270
26167
557
19812
24839
15903
46136
59775
49099
47846
24574
64177
29884
64290
10495
41947
62118
6786
20042
51067
26392
21037
64680
62143
7185
50658
34811
46165
17748
8521
16314
45547
53242
16230
36891
47450
19285
51668
37598
8834
66608
49704
58142
29128
15904
38797
14412
24823
58995
61999
22878
29563
20199
39482
29459
48627
5246
24187
12376
53816
29195
57476
35775
22009
27355
20790
45818
37136
10556
67118
10145
59347
41931
9136
37488
16378
45551
54054
65746
14572
24543
64250
31584
12599
3225
43530
5597
2229
9586
45575
57385
45264
3173
18069
38749
51574
20975
56194
26102
33488
19476
3422
43202
23390
16607
39068
56508
39413
58661
25650
20428
43683
62523
62451
8066
58889
60978
11677
66667
54680
60226
34724
42427
30081
59103
6865
47233
49895
6558
49438
29485
32997
32476
40816
31385
9205
40346
51385
17354
25533
19019
31526
14434
26485
12719
48981
16848
59287
20065
40089
42421
65454
64301
27558
11944
42032
48748
11488
46914
45079
65205
16112
60376
16188
20618
18098
53339
21961
2989
1776
62520
63403
24988
59659
34387
43982
15527
28134
12828
6593
24452
8773
61792
553
22254
26239
16256
19338
55488
36932
47479
52390
19196
8455
22419
8022
40283
49171
4603
33681
26053
45938
25645
4260
33618
65928
33051
3240
45145
62552
4595
22919
29369
42120
681
64502
19330
3627
61023
26477
42040
11500
44653
32798
25409
1369
19786
16421
50761
14845
1389
15158
36879
34264
45412
15880
52292
28246
52512
57915
43167
3263
63013
21618
51160
190
44446
48686
3711
61311
2997
3353
41617
28368
31681
40707
13629
53126
24446
43937
23330
224
60364
2370
62743
23470
15085
40727
11121
52827
35285
44718
36773
739
28004
34267
39905
18101
11309
17034
62840
48917
2641
31016
23069
10513
55543
12467
41499
48572
13424
25089
25126
41725
46967
21655
54059
33372
38440
30378
12582
9123
11420
41482
54591
30639
55534
9053
56276
52692
44292
16625
16647
23591
54088
12529
50382
34519
17395
47582
4640
44880
63477
40212
27405
34633
37449
41942
43280
4227
65603
44285
40515
42059
63844
44805
43429
26225
50490
63814
7762
61155
23458
3167
14951
2182
65305
28687
36056
36359
5824
26950
19171
62769
58511
36529
20717
39379
10232
59834
55270
31805
26359
66557
34684
44266
24118
3501
6808
839
31645
21882
17488
64818
47391
31268
66807
45801
62341
33220
55999
44071
40114
49878
38079
50140
56627
51643
50599
59675
65484
62369
49440
29591
58322
63801
28087
1716
58338
25458
160
15223
36739
39454
32895
57214
33124
23385
23621
64742
54511
59628
29266
35626
60411
29151
35518
24010
52311
56070
29025
50981
61674
61661
677
16720
49745
44728
40933
48692
31138
34719
9395
45083
24287
44173
37921
1094
40308
11667
58906
65738
8691
25393
50751
9744
119
42747
24895
5416
8283
67065
3565
26229
28886
61859
14170
20303
41505
50133
30565
17654
6405
37576
6953
46395
30884
62009
2585
29606
49776
34997
2183
39792
41786
24737
56294
39936
19766
30539
45416
43902
33603
37055
10909
54298
28471
49028
14348
27738
6894
12274
35232
2499
14928
5214
63039
47910
34778
32732
30100
1328
57743
34770
40823
42773
36828
22324
12024
17665
40098
22065
32159
40988
41142
35017
53413
46438
23360
63124
26389
29245
64163
27286
38695
5971
31144
8664
34869
44378
52862
27952
10318
40380
62156
8003
48816
7657
41032
38182
15318
41873
63792
27150
5771
10389
47436
29576
46915
12507
41860
25360
33039
42061
11790
34248
19017
65368
61300
13413
37405
4026
30724
7968
62434
61175
39650
17886
28768
27793
13245
53995
55505
56566
16679
2174
35088
26880
66981
2829
37699
17064
31801
15569
10788
38935
50054
23242
2881
66945
66674
42022
19011
14014
22631
11084
21683
57710
30833
16263
45905
64906
56691
42587
8984
61031
41595
60379
18122
47498
59700
65706
35076
33636
18439
47693
24942
23624
21588
45319
30946
23425
58250
53156
42566
19808
55930
35175
23510
58693
1240
39587
17562
10561
51959
32028
44823
26742
5428
11166
13982
55698
26993
38359
62078
24486
59205
15216
28229
66564
35862
18600
66651
57027
29772
588
65517
31476
11527
2253
31149
61881
64268
16417
67089
12553
15044
9512
26748
34976
7825
34520
56927
40347
4590
11315
37300
43818
38226
44564
17755
35690
42200
45506
26280
21671
24398
22320
4306
41271
5983
40349
7888
57882
61973
4025
36638
39734
54884
63655
26557
9695
44043
47228
29491
37033
16454
34534
43431
46453
16269
62831
108
49835
55851
44026
42082
16288
33983
38648
59321
67173
13929
41882
43880
24416
45604
63616
16331
59619
66514
13910
66487
14276
10101
40173
3613
1158
66640
25823
34582
53321
24602
35151
43779
24873
42064
31430
6930
40186
1295
9805
51827
66026
46656
57443
18474
52769
3676
33696
24124
44352
28971
29567
21546
54329
48501
16489
2818
4821
22596
18608
66834
24441
53077
55996
49163
43427
29588
35980
22925
16101
65296
63307
11666
43200
48865
19580
12288
47139
32475
1556
49258
39831
21714
37839
245
43875
52577
4158
10835
34531
44113
29223
46856
55873
37240
39090
25728
57349
40935
63581
18220
60259
37629
55655
16372
12526
19888
5633
1791
55958
3379
5546
3133
37968
11401
58760
30564
24021
48621
116
35668
2533
9880
6128
27498
3590
62595
50642
29792
7711
44897
56728
28365
10386
50202
37020
22672
4112
54069
16673
59100
16947
56
53009
59947
6511
50530
48920
32815
46894
503
2580
52715
58539
66535
54208
22584
4066
19814
24282
31203
788
13379
57302
41875
38444
44184
42905
12831
32755
18304
23834
46223
44907
12210
1122
6444
27284
41450
30640
24395
12756
35580
16133
28465
51573
36894
55338
18358
60401
44506
45960
60916
49581
27518
45092
32325
48933
50516
40932
56679
14631
41685
17170
54764
23316
9726
337
35597
29417
38120
18572
37782
64311
61611
26851
27884
48663
34025
51062
52759
54074
59276
11180
3911
29961
48526
14690
2206
120
39688
25412
47628
45465
56202
36019
57139
22801
34110
24532
27762
6471
13457
21836
45426
66962
7675
57034
39870
26976
49659
51124
11282
48479
8595
20958
47402
60359
49426
11551
31468
64711
15253
57454
40196
62063
30686
63595
48808
54166
28180
62283
35032
19035
8975
51129
19208
1282
9955
66718
38282
8306
41283
32990
59605
30980
63532
21537
4615
38713
43651
16846
55923
14409
51571
23422
30863
45352
52198
39359
59496
60110
5751
38993
35195
27659
52882
48661
14357
27520
54721
48227
36059
62978
16962
56909
48178
55209
5072
67005
3657
6863
10060
9713
46940
26516
33054
38721
57577
21820
62235
30485
27572
52908
22157
934
60676
7662
66719
19637
44666
66607
4699
64312
65926
63247
41306
41948
24981
4926
52203
48274
58383
12057
42578
11787
63335
7673
54178
44778
32295
13580
21276
25486
26912
49371
29733
10142
20014
60276
33223
21117
21705
20867
56663
55738
40181
1538
12982
31562
29712
48690
21734
16529
34782
56242
32039
61958
61810
29790
53955
29629
66470
10588
22290
59080
32320
66780
8376
2454
51013
10760
32438
28095
24941
40361
52549
64164
51060
19303
33981
18341
3200
25302
47081
11887
45054
33763
58159
20730
54612
17279
64334
3618
46965
48525
11892
5792
9381
44050
25675
19676
36306
20417
24582
37931
53827
64133
67295
46966
61255
23108
26514
35136
33221
38457
44939
51229
1023
24638
16531
67044
66931
25012
28956
43215
12815
14776
6480
25080
24625
62736
32576
61993
27996
10970
11578
65794
27577
40907
40268
10406
56044
31794
64541
31486
60900
34609
45291
20591
14253
4037
30291
8187
58557
58304
1910
5612
20142
50413
45013
12194
29688
26444
6923
14546
21450
60671
49024
36427
17684
54143
30419
39560
62729
46042
58299
56101
2199
29964
64773
19857
13681
66189
23654
66749
8537
4768
29536
4090
34465
12753
13643
13268
47022
9510
14114
32888
38428
48762
27249
50858
523
22808
3229
16556
26405
59001
13314
41367
10459
36485
54642
18874
1499
35319
5936
50760
34921
19178
58802
16909
46692
457
51310
54163
30923
4153
31207
33028
19859
12237
42147
59819
11548
27878
42957
10948
12027
56631
47741
39434
26429
41697
12941
58971
3708
64933
60799
1290
10025
25066
40559
37733
23872
21591
35100
15501
45368
30736
44647
3764
62731
30537
46823
28966
34717
60343
4406
11937
38307
35005
64252
12781
1472
59483
53369
60290
23179
44456
13502
52587
36110
16212
25764
48040
57564
7619
65525
15472
63520
5635
32228
29332
39730
17865
59011
9206
6720
50993
4831
19923
47111
44631
18828
60227
6575
34651
55229
61454
25939
4435
48186
7739
56493
8351
23997
57964
13180
16691
32175
29418
35867
38293
49597
12451
7251
8956
51397
9884
18558
24557
6893
33122
55101
25282
53044
14093
59246
6910
53841
64142
36341
22295
8762
52117
41615
35031
39862
21910
47319
46305
62397
21045
7150
13215
33101
39432
20045
45698
58471
29142
5457
37814
24299
4028
61167
64893
7286
60603
35370
57351
4782
22643
47438
11019
64854
42997
53152
59238
63325
22064
52705
12575
57730
211
6568
38979
25448
16448
6898
58715
35749
39633
35793
16992
9358
63305
44344
44102
39440
6611
4424
44712
11056
5033
17754
66070
66083
31321
52516
47849
44518
6
10257
50821
27759
10485
20948
50093
16727
27290
60528
14069
25574
62093
20779
278
43505
46592
20763
38498
49330
60085
2087
37903
29995
50755
23257
2578
7148
16362
51497
32745
19205
10608
52036
8637
52028
29106
57284
34258
39986
1025
12952
62336
17247
38042
44740
55151
41723
58494
59090
57823
42785
42844
15078
63609
44648
55912
51745
5908
54937
38637
13726
45016
62015
63049
35344
10854
58213
5281
27455
2773
45187
9257
28650
12726
32042
27649
32903
47372
38355
55546
24500
46979
42640
12714
62606
6360
40488
4094
13035
23284
6875
50576
40495
56881
25575
57383
1713
66953
402
19047
20883
60784
54698
54238
27476
32181
35960
48974
66530
44020
37107
54461
18881
12255
13908
45951
4622
38821
36464
36095
54135
4473
52410
65516
2927
21995
33753
40656
59678
3889
15950
37419
29795
7920
910
27033
52701
2418
30034
17060
42864
23469
49267
60194
50225
58392
45192
53308
19838
4256
37942
57187
5343
32090
8368
36642
25150
47564
21009
41691
53318
42637
112
54409
20216
20808
35015
39608
27188
58611
7515
19658
58315
2048
20920
48119
59048
32505
46469
50293
36125
16745
41998
13459
40528
54393
4091
62391
22048
53585
58952
40446
41687
45220
9195
26123
34231
26025
22470
18251
26250
62445
712
45047
1895
26093
44022
11770
35758
58528
44967
21474
8828
46710
10223
45005
4491
34892
56869
11206
36649
56672
36744
11481
60162
847
14956
7432
22476
44024
46661
43321
9379
3046
23563
66676
5903
37653
11138
24954
60501
47215
29130
19856
49611
4912
10335
35596
41600
26565
55094
18184
44863
56460
43482
34895
22001
57961
8905
58650
10811
47739
37738
9051
6841
46391
38417
21206
54376
33159
45637
57932
14521
26428
540
43318
29469
34276
2979
66930
3604
1056
38256
31970
28770
65108
30347
37572
46156
12785
36292
6927
45057
12780
63967
24404
29044
19700
52355
35712
44488
22708
65649
26319
52105
7939
18052
63493
45221
34042
40939
16364
56778
52267
12217
39617
55550
2487
41635
12295
26008
53887
38013
62782
9659
43638
32763
64675
2319
20863
58384
4794
33425
26358
41498
24307
62966
40287
47655
41915
23012
54812
63875
20754
52327
12864
50365
6834
1935
33333
1092
39085
58306
45454
48683
64148
60167
65687
63600
52066
37601
48977
65515
57592
63504
35042
59353
1181
8864
3285
66768
11128
58081
9158
65362
38016
34913
11149
4652
52687
65888
27024
4086
27515
53606
4614
30265
42044
13257
15985
15309
32858
57055
1953
40920
41783
60905
58864
38899
6093
51779
25881
9203
54067
42926
39994
30290
67280
6217
11643
17023
611
12401
59201
58622
63642
1517
4177
7579
39716
40491
26766
3235
38936
49460
56329
57184
66526
60069
12455
17504
8274
38703
26295
27056
41784
36220
58798
1134
13543
30802
19315
45682
32344
30464
58595
