2429
13678
54799
675
20670
34911
25235
1288
21089
9956
40142
57494
34429
23576
4587
50255
40096
35092
47457
32776
63579
34491
53803
52024
43457
49479
51335
45684
1987
40509
10051
49963
43557
861
53211
13129
48155
40312
11896
11275
47833
3219
9221
46497
40352
25335
61096
16486
25307
16822
10141
61907
9513
1458
47000
8009
29753
16762
34549
38723
36003
28184
61672
6349
14522
39024
35162
13744
29595
30788
48377
12341
53840
49596
7442
48897
7820
28667
43077
8106
9038
38399
45727
9194
38056
58188
62727
65261
18476
20320
22761
5112
9157
40198
40472
56908
9151
6188
6388
56055
54252
3527
46907
1050
29498
44202
41940
6548
47984
49209
58166
37716
30662
65242
18655
39966
20991
65565
55277
36704
32827
16255
45290
44068
51942
47145
61142
40719
24826
4959
64153
8013
43884
67247
4637
35850
57417
55823
27969
17388
65000
65404
4712
13378
47729
29989
52564
34743
27021
33432
42517
40810
31570
57396
61198
13487
51455
62069
38755
21033
12548
31762
62744
6965
52978
60295
42348
14147
9154
12351
52801
55134
11341
14731
63029
10462
60695
47050
17904
45027
28144
20702
16515
10147
6107
46992
38838
50289
17406
6130
31833
24474
15960
43303
65944
20621
43260
39283
54487
65532
53661
47889
60328
2837
12986
16423
25843
23863
23543
5732
8500
39725
25021
7325
50573
24863
2619
46545
31450
6755
45246
30077
2389
35899
9262
14222
33422
31475
20906
59530
1191
29203
54545
7048
38712
19948
22822
656
54055
48246
19469
12997
61447
25352
49637
23035
12500
29340
66569
47512
39099
34485
25821
50146
45882
22709
40202
29199
40705
54014
40338
39536
62254
21374
7531
47992
42873
47761
14480
62911
45831
23850
795
22528
20285
64629
32533
26306
20070
31348
21299
9916
63650
54692
49359
21385
9810
5329
40960
24377
5860
30821
23490
19359
34019
60824
29153
47026
28657
34386
67226
17859
28641
39296
22790
58566
15791
66057
56993
50735
48156
55752
4863
5058
37143
38861
51056
53536
30435
54202
6974
27108
53377
44180
18354
18909
36654
65251
2289
63058
16954
47048
20550
59439
21991
61769
594
34608
24538
23630
17897
56260
24345
9685
54325
10572
9284
20039
54985
8572
7982
617
53194
21015
55798
169
2832
44854
48863
60125
5021
28509
55759
28252
25372
37329
1851
25097
18211
56773
361
24353
10465
9977
17987
66042
42036
11107
50302
11103
40667
28523
26887
33504
41188
29362
28285
16110
47262
23562
3228
43938
64923
31252
9739
33339
53286
61354
50204
44961
57746
56134
19729
31094
20548
8544
47577
22763
6424
13913
13527
19222
61086
206
15162
13357
22628
57021
22192
2014
35295
64603
19371
55633
20344
20630
42553
35310
36169
24816
16580
24984
29519
61786
37203
38511
46336
64439
20854
5314
13655
52152
20614
1439
23394
46858
28876
21357
17943
18683
46600
65464
64767
29048
21471
49619
33364
48171
30449
7096
39793
10379
67237
57764
43648
22745
13851
57668
58229
26297
54707
2163
37667
59021
4839
22226
22623
28950
48979
62043
18748
5169
41477
22339
34763
25445
60846
42734
8426
43871
39992
36697
46500
48121
7171
25673
36560
24844
15146
50574
23960
10067
2103
60682
32627
27004
40738
43255
47242
10964
16950
35803
29805
32031
35704
45735
347
54205
65485
26459
10949
7633
2488
36105
55840
51611
67134
10122
49387
14035
21664
40593
32013
12098
52716
19079
43402
56824
49347
2104
14037
17510
44056
31171
47415
8372
62205
42783
63061
42932
63810
36807
55906
28324
40421
18991
45744
64351
19374
7763
3137
23083
54007
11246
1190
39556
34172
67330
28658
6353
12436
4376
39550
47141
21095
47014
52601
5871
53128
30551
18462
13327
4918
20963
36206
3741
46878
38187
254
26385
2934
50333
65478
969
2475
35762
58171
10022
47837
26351
7655
55686
46805
59699
14906
9255
61933
12478
44092
35305
56492
20311
21120
6472
21508
6962
65116
33662
27727
27608
43128
16284
518
67055
33404
46767
15866
52262
43905
5538
14804
2232
17362
36457
59041
16391
6266
9779
52442
54717
60598
52424
50181
51598
39825
20080
24939
40249
55074
57059
20387
15923
8615
820
21387
21583
28146
56898
6699
56846
24952
106
33625
29057
62558
45084
14330
18676
5912
61125
46367
37515
36157
16457
26843
18316
27346
19675
38714
46813
18801
54237
33188
51460
20448
27325
18497
55143
63846
27069
39721
7513
50794
66818
20543
56878
45608
27334
47493
45774
51487
11605
47214
23368
56617
4087
25757
48584
58900
67082
3123
44656
32460
44264
58931
12431
43602
17044
56392
9883
29192
31187
31342
4422
55225
45660
40476
5176
11794
24138
11404
8219
50798
49606
16482
43054
1155
15876
12058
38076
10094
52466
26156
4394
41518
26562
56551
15161
11413
389
65637
53580
40712
26884
17143
2845
12330
43225
46584
3478
22268
66817
15853
17944
25774
20935
40
64666
16480
8647
63210
48214
49987
24996
34739
52654
53058
21969
51504
40104
13849
46743
41778
16765
1994
33148
60240
65498
14786
65696
50778
62079
49470
40650
15132
39003
61465
36860
13684
53608
49770
56707
13721
55669
36337
62485
7509
3103
55975
5014
34011
47423
27493
64340
60760
49044
11602
50166
16043
27333
21587
20098
61343
12976
17461
24065
47688
36017
59030
45324
18206
41852
4419
12360
58167
3735
32151
13075
7037
64184
1453
35466
59695
26381
59325
11900
16826
61854
59548
28598
60223
36623
60730
35542
5864
61312
32786
10005
38659
12922
31057
48406
4045
54058
19447
53091
49213
67092
66868
58672
11054
3334
57441
40606
52169
12432
9872
31103
66363
15060
53499
54090
5076
51970
42704
66741
64652
38887
60622
11344
32259
40869
26501
50244
2353
49282
16476
50857
23042
14002
18722
60179
51208
41254
8146
45230
1324
37797
12873
7528
45046
33962
36156
40225
20463
18740
29936
43543
12788
60684
50197
26551
33002
13878
24783
13408
36625
63421
51781
45920
56153
1529
54374
30813
45804
63152
48616
36452
10290
25714
46009
47777
8934
15693
12366
1784
4779
34150
19225
5373
15999
16884
54710
47640
28327
52606
32583
26026
44159
14896
50941
14263
31899
61379
61744
61592
62460
66968
64592
45690
54586
21184
29288
13371
23255
35561
7305
2652
5523
40135
679
6998
8549
943
58433
42909
58977
10622
22587
60714
37519
39582
51200
23245
60163
37771
53736
12857
32261
28220
63926
5799
1243
65545
39097
2191
2555
11074
55262
4624
48636
528
28420
32089
50360
56852
63264
17245
36685
48007
50411
37161
56418
2173
47171
6052
60843
48736
29277
16920
33123
34529
13000
50378
48363
44619
29034
5931
35703
779
967
29095
49142
30652
26856
39210
61712
9118
65408
19552
4444
27744
28296
20814
64069
38427
8302
17014
55097
21062
19966
8114
38376
64329
20547
10746
50089
32496
30752
59532
40144
64856
10738
44790
21512
18959
19041
8311
417
25273
48764
2155
43377
28475
15789
48380
23572
32526
3118
6372
20085
51130
20805
32633
39707
6478
7499
3082
2656
14101
50734
2938
56108
26350
15233
14327
23568
31334
53986
36340
11837
12276
4076
20586
13640
19788
4648
9680
6960
63905
22235
31460
67047
58302
3414
22772
27247
35208
5383
38185
17040
8153
41781
54020
59175
21966
36689
3923
22811
31921
46991
50584
43900
38607
42732
32565
480
30531
35080
17693
36832
48860
29592
39430
1590
16913
7107
16549
17457
30707
16540
57269
39889
39022
53162
42386
47934
12006
33742
34028
13740
23547
5175
54229
3823
4850
14186
4870
6523
17632
27857
44048
16619
32153
24455
45505
60462
42955
44899
15690
43453
17744
17303
10700
28593
21840
34606
29241
7056
61691
42370
12703
41969
15478
13139
33021
16063
59790
13621
46555
41201
33982
24522
3143
32851
3180
32699
53423
4726
24527
60970
46868
52837
61019
37979
27854
57709
13991
40617
5189
66116
55111
29923
64925
8688
1184
1898
7971
19720
52316
46829
56812
15710
52735
61387
44622
16224
14616
14192
39958
48148
8273
36644
55866
7460
59595
49786
41750
6180
15728
27016
38737
41888
14507
23744
31606
41062
59798
23784
58075
52808
37388
49799
9275
4679
65392
65812
44273
18862
1485
33255
13226
4606
26333
19730
27981
11703
38786
6708
24929
42543
36507
10092
66282
66428
9388
63952
28623
20370
34893
26925
67083
41204
50066
37314
1682
13444
29806
46916
36579
38628
43170
27054
19302
38973
43524
52260
30171
57087
52914
42332
18861
53530
43212
22361
51545
37849
35065
56603
55581
26900
56596
17133
40138
10488
20871
62703
44942
36150
9614
34826
8495
44673
3321
50306
9002
43979
61015
33359
17172
40429
58600
6161
62622
54895
52633
67147
3631
42104
24558
23517
16817
28608
18017
30450
20563
7199
7995
61202
36218
56564
29496
57508
1607
39710
30728
59693
46093
46280
1723
52847
37808
47180
38934
27482
56151
44849
22783
16306
30328
18679
31086
6037
14400
32574
35618
61366
29456
54398
39259
49595
20617
7413
20473
9831
32034
8428
34290
4214
1744
54060
46552
58422
45840
16406
58248
33963
28819
26247
23443
24781
59266
66942
29355
9081
13152
54601
22948
41423
17554
56453
1252
4721
2371
54395
27530
58497
60951
34306
32083
15381
5193
28185
22928
58185
24949
15767
36765
4433
56365
66437
67227
25777
49695
20611
45610
14437
533
51797
37888
32330
37986
42636
65856
51362
35270
26167
557
19812
24839
15903
46136
59775
49099
47846
24574
64177
29884
64290
10495
41947
62118
6786
20042
51067
26392
21037
64680
62143
7185
50658
34811
46165
17748
8521
16314
45547
53242
16230
36891
47450
19285
51668
37598
8834
66608
49704
58142
29128
15904
38797
14412
24823
58995
61999
22878
29563
20199
39482
29459
48627
5246
24187
12376
53816
29195
57476
35775
22009
27355
20790
45818
37136
10556
67118
10145
59347
41931
9136
37488
16378
45551
54054
65746
14572
24543
64250
31584
12599
3225
43530
5597
2229
9586
45575
57385
45264
3173
18069
38749
51574
20975
56194
26102
33488
19476
3422
43202
23390
16607
39068
56508
39413
58661
25650
20428
43683
62523
62451
8066
58889
60978
11677
66667
54680
60226
34724
42427
30081
59103
6865
47233
49895
6558
49438
29485
32997
32476
40816
31385
9205
40346
51385
17354
25533
19019
31526
14434
26485
12719
48981
16848
59287
20065
40089
42421
65454
64301
27558
11944
42032
48748
11488
46914
45079
65205
16112
60376
16188
20618
18098
53339
21961
2989
1776
62520
63403
24988
59659
34387
43982
15527
28134
12828
6593
24452
8773
61792
553
22254
26239
16256
19338
55488
36932
47479
52390
19196
8455
22419
8022
40283
49171
4603
33681
26053
45938
25645
4260
33618
65928
33051
3240
45145
62552
4595
22919
29369
42120
681
64502
19330
3627
61023
26477
42040
11500
44653
32798
25409
1369
19786
16421
50761
14845
1389
15158
36879
34264
45412
15880
52292
28246
52512
57915
43167
3263
63013
21618
51160
190
44446
48686
3711
61311
2997
3353
41617
28368
31681
40707
13629
53126
24446
43937
23330
224
60364
2370
62743
23470
15085
40727
11121
52827
35285
44718
36773
739
28004
34267
39905
18101
11309
17034
62840
48917
2641
31016
23069
10513
55543
12467
41499
48572
13424
25089
25126
41725
46967
21655
54059
33372
38440
30378
12582
9123
11420
41482
54591
30639
55534
9053
56276
52692
44292
16625
16647
23591
54088
12529
50382
34519
17395
47582
4640
44880
63477
40212
27405
34633
37449
41942
43280
4227
65603
44285
40515
42059
63844
44805
43429
26225
50490
63814
7762
61155
23458
3167
14951
2182
65305
28687
36056
36359
5824
26950
19171
62769
58511
36529
20717
39379
10232
59834
55270
31805
26359
66557
34684
44266
24118
3501
6808
839
31645
21882
17488
64818
47391
31268
66807
45801
62341
33220
55999
44071
40114
49878
38079
50140
56627
51643
50599
59675
65484
62369
49440
29591
58322
63801
28087
1716
58338
25458
160
15223
36739
39454
32895
57214
33124
23385
23621
64742
54511
59628
29266
35626
60411
29151
35518
24010
52311
56070
29025
50981
61674
61661
677
16720
49745
44728
40933
48692
31138
34719
9395
45083
24287
44173
37921
1094
40308
11667
58906
65738
8691
25393
50751
9744
119
42747
24895
5416
8283
67065
3565
26229
28886
61859
14170
20303
41505
50133
30565
17654
6405
37576
6953
46395
30884
62009
2585
29606
49776
34997
2183
39792
41786
24737
56294
39936
19766
30539
45416
43902
33603
37055
10909
54298
28471
49028
14348
27738
6894
12274
35232
2499
14928
5214
63039
47910
34778
32732
30100
1328
57743
34770
40823
42773
36828
22324
12024
17665
40098
22065
32159
40988
41142
35017
53413
46438
23360
63124
26389
29245
64163
27286
38695
5971
31144
8664
34869
44378
52862
27952
10318
40380
62156
8003
48816
7657
41032
38182
15318
41873
63792
27150
5771
10389
47436
29576
46915
12507
41860
25360
33039
42061
11790
34248
19017
65368
61300
13413
37405
4026
30724
7968
62434
61175
39650
17886
28768
27793
13245
53995
55505
56566
16679
2174
35088
26880
66981
2829
37699
17064
31801
15569
10788
38935
50054
23242
2881
66945
66674
42022
19011
14014
22631
11084
21683
57710
30833
16263
45905
64906
56691
42587
8984
61031
41595
60379
18122
47498
59700
65706
35076
33636
18439
47693
24942
23624
21588
45319
30946
23425
58250
53156
42566
19808
55930
35175
23510
58693
1240
39587
17562
10561
51959
32028
44823
26742
5428
11166
13982
55698
26993
38359
62078
24486
59205
15216
28229
66564
35862
18600
66651
57027
29772
588
65517
31476
11527
2253
31149
61881
64268
16417
67089
12553
15044
9512
26748
34976
7825
34520
56927
40347
4590
11315
37300
43818
38226
44564
17755
35690
42200
45506
26280
21671
24398
22320
4306
41271
5983
40349
7888
57882
61973
4025
36638
39734
54884
63655
26557
9695
44043
47228
29491
37033
16454
34534
43431
46453
16269
62831
108
49835
55851
44026
42082
16288
33983
38648
59321
67173
13929
41882
43880
24416
45604
63616
16331
59619
66514
13910
66487
14276
10101
40173
3613
1158
66640
25823
34582
53321
24602
35151
43779
24873
42064
31430
6930
40186
1295
9805
51827
66026
46656
57443
18474
52769
3676
33696
24124
44352
28971
29567
21546
54329
48501
16489
2818
4821
22596
18608
66834
24441
53077
55996
49163
43427
29588
35980
22925
16101
65296
63307
11666
43200
48865
19580
12288
47139
32475
1556
49258
39831
21714
37839
245
43875
52577
4158
10835
34531
44113
29223
46856
55873
37240
39090
25728
57349
40935
63581
18220
60259
37629
55655
16372
12526
19888
5633
1791
55958
3379
5546
3133
37968
11401
58760
30564
24021
48621
116
35668
2533
9880
6128
27498
3590
62595
50642
29792
7711
44897
56728
28365
10386
50202
37020
22672
4112
54069
16673
59100
16947
56
53009
59947
6511
50530
48920
32815
46894
503
2580
52715
58539
66535
54208
22584
4066
19814
24282
31203
788
13379
57302
41875
38444
44184
42905
12831
32755
18304
23834
46223
44907
12210
1122
6444
27284
41450
30640
24395
12756
35580
16133
28465
51573
36894
55338
18358
60401
44506
45960
60916
49581
27518
45092
32325
48933
50516
40932
56679
14631
41685
17170
54764
23316
9726
337
35597
29417
38120
18572
37782
64311
61611
26851
27884
48663
34025
51062
52759
54074
59276
11180
3911
29961
48526
14690
2206
120
39688
25412
47628
45465
56202
36019
57139
22801
34110
24532
27762
6471
13457
21836
45426
66962
7675
57034
39870
26976
49659
51124
11282
48479
8595
20958
47402
60359
49426
11551
31468
64711
15253
57454
40196
62063
30686
63595
48808
54166
28180
62283
35032
19035
8975
51129
19208
1282
9955
66718
38282
8306
41283
32990
59605
30980
63532
21537
4615
38713
43651
16846
55923
14409
51571
23422
30863
45352
52198
39359
59496
60110
5751
38993
35195
27659
52882
48661
14357
27520
54721
48227
36059
62978
16962
56909
48178
55209
5072
67005
3657
6863
10060
9713
46940
26516
33054
38721
57577
21820
62235
30485
27572
52908
22157
934
60676
7662
66719
19637
44666
66607
4699
64312
65926
63247
41306
41948
24981
4926
52203
48274
58383
12057
42578
11787
63335
7673
54178
44778
32295
13580
21276
25486
26912
49371
29733
10142
20014
60276
33223
21117
21705
20867
56663
55738
40181
1538
12982
31562
29712
48690
21734
16529
34782
56242
32039
61958
61810
29790
53955
29629
66470
10588
22290
59080
32320
66780
8376
2454
51013
10760
32438
28095
24941
40361
52549
64164
51060
19303
33981
18341
3200
25302
47081
11887
45054
33763
58159
20730
54612
17279
64334
3618
46965
48525
11892
5792
9381
44050
25675
19676
36306
20417
24582
37931
53827
64133
67295
46966
61255
23108
26514
35136
33221
38457
44939
51229
1023
24638
16531
67044
66931
25012
28956
43215
12815
14776
6480
25080
24625
62736
32576
61993
27996
10970
11578
65794
27577
40907
40268
10406
56044
31794
64541
31486
60900
34609
45291
20591
14253
4037
30291
8187
58557
58304
1910
5612
20142
50413
45013
12194
29688
26444
6923
14546
21450
60671
49024
36427
17684
54143
30419
39560
62729
46042
58299
56101
2199
29964
64773
19857
13681
66189
23654
66749
8537
4768
29536
4090
34465
12753
13643
13268
47022
9510
14114
32888
38428
48762
27249
50858
523
22808
3229
16556
26405
59001
13314
41367
10459
36485
54642
18874
1499
35319
5936
50760
34921
19178
58802
16909
46692
457
51310
54163
30923
4153
31207
33028
19859
12237
42147
59819
11548
27878
42957
10948
12027
56631
47741
39434
26429
41697
12941
58971
3708
64933
60799
1290
10025
25066
40559
37733
23872
21591
35100
15501
45368
30736
44647
3764
62731
30537
46823
28966
34717
60343
4406
11937
38307
35005
64252
12781
1472
59483
53369
60290
23179
44456
13502
52587
36110
16212
25764
48040
57564
7619
65525
15472
63520
5635
32228
29332
39730
17865
59011
9206
6720
50993
4831
19923
47111
44631
18828
60227
6575
34651
55229
61454
25939
4435
48186
7739
56493
8351
23997
57964
13180
16691
32175
29418
35867
38293
49597
12451
7251
8956
51397
9884
18558
24557
6893
33122
55101
25282
53044
14093
59246
6910
53841
64142
36341
22295
8762
52117
41615
35031
39862
21910
47319
46305
62397
21045
7150
13215
33101
39432
20045
45698
58471
29142
5457
37814
24299
4028
61167
64893
7286
60603
35370
57351
4782
22643
47438
11019
64854
42997
53152
59238
63325
22064
52705
12575
57730
211
6568
38979
25448
16448
6898
58715
35749
39633
35793
16992
9358
63305
44344
44102
39440
6611
4424
44712
11056
5033
17754
66070
66083
31321
52516
47849
44518
6
10257
50821
27759
10485
20948
50093
16727
27290
60528
14069
25574
62093
20779
278
43505
46592
20763
38498
49330
60085
2087
37903
29995
50755
23257
2578
7148
16362
51497
32745
19205
10608
52036
8637
52028
29106
57284
34258
39986
1025
12952
62336
17247
38042
44740
55151
41723
58494
59090
57823
42785
42844
15078
63609
44648
55912
51745
5908
54937
38637
13726
45016
62015
63049
35344
10854
58213
5281
27455
2773
45187
9257
28650
12726
32042
27649
32903
47372
38355
55546
24500
46979
42640
12714
62606
6360
40488
4094
13035
23284
6875
50576
40495
56881
25575
57383
1713
66953
402
19047
20883
60784
54698
54238
27476
32181
35960
48974
66530
44020
37107
54461
18881
12255
13908
45951
4622
38821
36464
36095
54135
4473
52410
65516
2927
21995
33753
40656
59678
3889
15950
37419
29795
7920
910
27033
52701
2418
30034
17060
42864
23469
49267
60194
50225
58392
45192
53308
19838
4256
37942
57187
5343
32090
8368
36642
25150
47564
21009
41691
53318
42637
112
54409
20216
20808
35015
39608
27188
58611
7515
19658
58315
2048
20920
48119
59048
32505
46469
50293
36125
16745
41998
13459
40528
54393
4091
62391
22048
53585
58952
40446
41687
45220
9195
26123
34231
26025
22470
18251
26250
62445
712
45047
1895
26093
44022
11770
35758
58528
44967
21474
8828
46710
10223
45005
4491
34892
56869
11206
36649
56672
36744
11481
60162
847
14956
7432
22476
44024
46661
43321
9379
3046
23563
66676
5903
37653
11138
24954
60501
47215
29130
19856
49611
4912
10335
35596
41600
26565
55094
18184
44863
56460
43482
34895
22001
57961
8905
58650
10811
47739
37738
9051
6841
46391
38417
21206
54376
33159
45637
57932
14521
26428
540
43318
29469
34276
2979
66930
3604
1056
38256
31970
28770
65108
30347
37572
46156
12785
36292
6927
45057
12780
63967
24404
29044
19700
52355
35712
44488
22708
65649
26319
52105
7939
18052
63493
45221
34042
40939
16364
56778
52267
12217
39617
55550
2487
41635
12295
26008
53887
38013
62782
9659
43638
32763
64675
2319
20863
58384
4794
33425
26358
41498
24307
62966
40287
47655
41915
23012
54812
63875
20754
52327
12864
50365
6834
1935
33333
1092
39085
58306
45454
48683
64148
60167
65687
63600
52066
37601
48977
65515
57592
63504
35042
59353
1181
8864
3285
66768
11128
58081
9158
65362
38016
34913
11149
4652
52687
65888
27024
4086
27515
53606
4614
30265
42044
13257
15985
15309
32858
57055
1953
40920
41783
60905
58864
38899
6093
51779
25881
9203
54067
42926
39994
30290
67280
6217
11643
17023
611
12401
59201
58622
63642
1517
4177
7579
39716
40491
26766
3235
38936
49460
56329
57184
66526
60069
12455
17504
8274
38703
26295
27056
41784
36220
58798
1134
13543
30802
19315
45682
32344
30464
58595
42352
63103
19255
43378
40270
3262
66793
14767
55129
6624
52533
56685
35056
4546
4524
45536
4738
13821
47775
25263
36077
23902
10259
40538
65656
9085
42966
17851
34916
7412
30989
38216
15953
51657
29074
62774
20566
45479
40973
14931
60857
56411
828
7688
67309
66456
12296
6046
3145
40457
14430
91
57356
40830
24945
31566
22078
62275
66321
38371
63927
16665
55470
65105
20292
3044
7200
31119
39523
29055
40737
62710
28851
16073
66162
5533
47114
66200
18571
15373
29337
8468
23471
44281
13777
52584
17626
41042
39447
6849
53587
38878
11932
34539
25710
66655
50300
7481
58999
31670
43383
35342
40761
42950
39285
17874
53139
21947
51842
61915
45700
58736
45517
23331
23399
17753
65695
64168
27320
2698
40195
16538
31734
5970
54145
14235
51029
16461
7041
38851
26813
14536
48445
9575
39838
36912
39686
26710
12589
10188
12339
37095
4324
43256
28469
15098
39976
45138
34657
23808
37856
24214
47667
371
20058
50624
45866
3252
6479
26612
66125
27222
47471
42505
12963
59365
18646
8700
1360
25510
39198
51738
187
66484
21302
49758
4871
54148
39054
27490
27242
10007
15390
3602
30891
12668
47386
21582
5503
34402
24657
20780
63313
12912
41831
55755
55928
29460
22094
12003
41365
33641
53170
57056
55746
19473
8814
45751
45021
29101
17003
51826
16410
32398
28606
13007
20698
35435
42812
28689
3692
46285
34926
23909
30762
37995
31350
9037
56756
61597
45163
66358
43833
63634
25885
67321
36862
726
1225
8724
65925
8084
10550
2904
39166
3875
39221
30995
21729
50520
7266
53762
11192
18488
57848
23776
34101
39729
27856
37262
10705
25058
19211
41410
59844
46826
11943
50539
46160
30890
9885
26481
45864
22182
38503
33077
12738
24541
33718
66284
46221
37547
57834
14619
34995
13061
35045
9390
23008
3679
58394
66858
3007
10651
59624
25754
42340
50668
42289
2187
45603
44345
28488
39358
36258
46733
18669
53007
11286
1219
10317
20534
49871
66347
60679
8643
63188
27822
7861
52329
56318
67125
54316
10120
59373
33814
44422
50068
59317
25782
36297
761
4342
52787
42678
11772
17952
40856
41402
27083
28694
34319
52611
12428
56827
49138
32811
13010
40682
61292
39260
52913
12921
18869
43169
33328
16052
48481
57332
19976
9867
22806
33925
27450
41895
3738
4303
17294
59966
25516
25279
18552
19343
16502
8953
19213
16010
53284
30909
48264
26793
54794
51061
8203
59071
49173
48522
19582
5208
14887
55618
32540
46250
11936
53646
60157
27679
26523
33813
24184
9521
60327
10471
60342
39909
51919
21758
27684
32826
33761
66308
6671
65537
6915
40049
56759
47223
5345
4733
48646
17961
7769
57674
55826
18306
46648
12213
28342
46069
47310
3667
43412
21895
32631
55185
51027
22445
37496
65992
33481
40813
52562
45244
16091
47736
51986
25655
25897
14716
45029
32053
59977
50117
63339
61363
28115
49843
24078
4517
10582
66649
8997
32673
52238
26828
59269
7797
27115
35152
52256
49636
48542
34983
50656
40523
45164
13376
62031
29160
21741
20189
32918
51925
31383
66053
17129
42461
25112
61656
36395
50776
40271
21314
17171
23767
45567
11134
41268
16315
44815
65825
19067
20139
14935
48957
63463
26058
32413
8397
52597
35935
40893
10813
16628
397
46082
39226
10134
5984
26615
2194
29330
62342
22980
44970
38249
17538
2899
51019
497
48005
58027
66901
20802
33312
5183
27116
46322
16869
54106
28321
40381
28705
9240
49073
21126
27433
34444
4799
19608
10708
38258
61100
57451
47962
21547
26965
31352
27234
58434
65950
56355
18782
2913
22459
48890
45708
2972
3746
59587
53804
16051
21645
3902
49925
58653
1904
13162
56349
48667
49838
47720
6399
66580
748
16631
19712
14963
29489
37645
24427
55721
13742
15583
54533
54194
6387
8860
36122
58686
12473
37254
15305
14378
55485
43382
37656
49476
1445
13149
65835
59002
59826
60770
41056
63295
41627
12332
13812
41700
15536
64736
38562
25822
35936
439
8810
13449
52487
34783
58991
22119
11026
6952
8207
20723
47556
35089
30858
22499
14739
17773
7928
61883
3822
42234
62030
14862
62484
21043
55236
9931
20017
40843
19558
59997
45540
26602
9491
14081
505
18480
24246
23511
53912
55170
65536
35722
51520
12091
12016
7685
25896
20980
66742
34229
45422
64596
29390
13220
42231
55423
44977
41490
23423
24489
35126
56235
19169
24731
24060
19391
61375
63939
27214
3864
38349
58898
18175
64431
31285
23674
10115
6913
25178
19847
60490
45041
35176
35784
12522
26362
31971
6581
49850
45216
30070
26399
48183
20158
51372
6019
1127
42327
14554
11258
26549
15291
12950
1245
31539
42400
58501
48994
46290
54364
4290
40957
39684
18568
21010
50664
23151
36255
29169
10477
52122
43050
54066
23944
19344
44846
46598
62084
51966
32892
53550
56572
15314
65425
38624
11004
31612
45554
60078
27204
57805
50019
40732
44121
38465
43366
6082
12007
56211
37597
279
16705
54471
19136
46380
28732
34623
35104
7502
34872
24519
27888
34181
28524
6012
34914
23211
46509
50415
49402
8878
1549
61118
62820
48852
29517
2826
22024
26984
46718
17069
11041
63813
65023
26650
33403
2482
59410
64827
8019
2842
63790
64094
23688
47903
3126
57014
12659
55592
59300
35494
17079
55017
8202
6167
34550
32937
42000
59464
47801
30439
67021
63365
49068
62258
36889
42935
3581
23170
56353
22199
28693
24819
17810
38519
42872
19057
25092
59217
63408
51099
27273
27983
17264
6441
55420
64553
47364
50673
24626
34840
51202
21121
61736
62780
1569
16861
450
64395
41226
66832
41506
26467
36403
1032
29934
34094
3397
58196
66443
42423
48878
42433
27598
50397
57712
15831
50881
45214
19620
57400
5924
66843
2362
5779
49601
17733
45085
56637
10557
60266
38162
34678
1778
65312
23774
26050
53164
3300
48575
27170
25191
66496
34690
38059
2819
41578
55596
47430
58113
54296
18157
48620
17381
60717
66151
12913
1239
13126
2789
40325
4301
44177
8917
11981
50435
2248
38870
12167
25683
6074
57142
28869
39987
31041
27001
12214
52639
13081
58023
1799
15023
13649
60001
63537
7067
38158
61830
66326
47409
25376
57621
3535
20425
9951
15913
3961
11469
39410
66727
45044
22200
38970
49876
47537
12793
62380
28637
3924
51516
8366
35036
61382
60513
36855
6280
44516
4644
20278
45431
17858
53980
14836
29204
3838
17633
15179
23393
63267
54360
36147
25900
2276
57553
744
38705
61822
8286
29537
13826
61922
10048
7178
16433
55936
29906
25109
26616
10263
13877
33842
42623
6855
5296
26294
15884
5897
47365
10679
28138
60516
31972
13181
44706
48378
58028
22603
25029
26039
66804
2293
17650
64116
37343
46877
46427
46212
36173
33775
61747
49199
19000
44238
43252
63332
36810
2663
44130
43717
58147
52187
2162
32019
18539
7397
6094
3928
52033
44563
18479
47680
11047
53031
22626
3598
5155
61714
43468
17500
21271
17455
26194
54500
11478
19609
22056
47174
27784
58135
8782
44590
58410
26383
60928
62034
12585
10801
9691
59534
61210
49592
60334
21850
49888
46690
62601
9533
35635
38408
20583
66242
32976
1532
14472
62165
27050
9332
36800
52521
48389
5346
41688
24122
12357
8954
16930
32310
55597
37881
54042
20553
25226
17992
23457
4168
57041
10229
20467
4043
29247
18059
49827
27440
44688
61897
54538
33800
39508
50636
46457
5894
63454
21061
54621
31098
37672
2008
23713
49855
19095
58896
49677
7249
31357
63469
9617
61960
49175
1845
20757
64055
50175
4511
26006
48523
48710
16934
63558
43662
39014
11044
59734
52872
38561
56687
37422
59919
25485
67099
44028
46634
65531
48045
26695
52955
49197
18490
10918
27599
36179
45397
63289
26922
10155
28444
63271
21007
59361
25398
54686
48729
21023
17480
14587
24428
2272
62328
60064
30503
21798
19241
43152
58359
41743
3696
5017
47258
66267
58626
27678
30812
22090
66589
43926
12879
65042
35033
53648
5806
21199
43316
53274
60502
65858
63995
20061
31607
64931
45926
23549
49576
62228
1148
43877
5686
15520
65986
11763
7410
1587
61998
53817
59146
32838
46701
32559
44757
23430
18406
7785
33740
28630
27734
17980
1672
57697
47997
65855
42672
253
31466
18994
25769
25520
4684
34610
27008
2679
45322
14919
29669
59231
55218
42930
61301
43853
7922
48783
48937
42914
3385
59607
6293
40691
11172
26989
35994
41841
18626
29348
58726
11910
56727
10015
31188
2131
32847
5626
49773
59023
32570
65033
62181
14401
34448
49520
56186
60854
41710
14410
10999
55677
11118
41938
32806
60615
54762
21563
22178
12965
30904
40358
20343
5200
2369
15736
42555
18076
41205
25551
64969
10895
53180
34996
66141
34446
1257
24869
57376
49266
55617
6307
14755
59082
56796
10365
19909
47964
48887
9827
873
54603
48776
66385
25951
26404
5632
54328
58861
54622
15035
58918
46970
67310
64271
56826
58296
10620
28359
33877
17537
56390
50212
66959
20827
42336
12333
46859
56900
44460
66332
46902
10130
27618
27135
18348
56786
1167
41877
37922
40640
4192
31286
3792
66135
62464
40507
46476
3430
34373
45344
14421
37731
26130
31018
37151
13163
27049
66143
57404
66849
44144
11189
13262
3589
10178
65082
11302
46519
27132
10234
24418
59873
34834
57679
22446
20756
40478
45724
13024
64425
9185
60123
13034
63164
30157
8012
30541
8752
14761
11033
21425
34452
56248
38029
1103
30545
42164
64639
3513
53791
51034
66012
40246
51953
16602
12479
50207
61624
41939
39205
33957
55532
3004
27660
59723
45999
50311
58448
58174
62117
17839
15677
39971
29756
49298
28716
6740
36633
12509
13381
9854
49785
29341
55035
3116
9887
13031
4155
25739
32383
38083
2135
41329
9522
50035
4552
619
37692
6268
19190
19579
62658
65682
18307
17930
53822
56120
18114
34602
58762
57732
25244
9426
42299
54595
59915
36412
63369
37389
20144
59739
51921
54693
40042
36024
43999
57994
59567
11021
65619
6039
41269
57733
37907
28535
47490
51201
32952
3343
57597
8776
45555
62971
1680
46814
37675
29786
9073
1244
44540
4294
36666
14454
5096
6335
2483
2486
49881
21945
48597
35728
28400
23077
5089
650
45210
35677
48356
61893
61802
44523
25660
56887
64583
2107
15621
54543
29554
21376
36275
40265
61512
13043
54154
31857
56464
14418
56213
15628
453
21751
26320
6133
51634
15631
36028
10432
9080
56369
57411
63002
5647
32294
28825
979
54309
15335
64750
53834
9699
56606
32577
54033
50468
44104
51548
26788
48237
14141
18583
55282
22112
56671
4010
25938
51073
31269
2575
1567
9963
16170
10762
19533
35550
65021
27245
15130
26118
55932
24390
61232
59306
11263
47405
28094
59871
15929
24483
52590
6252
38430
12303
41481
10399
58784
841
31755
53112
37838
11872
1096
26368
8937
25748
51146
44210
34329
12493
56625
49274
65128
28041
19440
33864
14098
52489
60010
54416
26697
9318
10435
19180
67062
32779
123
51193
46955
25733
12655
14756
3329
39235
4336
23346
19236
54784
63623
51616
34228
56829
55549
10075
64086
63388
15497
51560
21968
30914
57154
40882
21279
38846
66616
9519
37954
55845
41643
64722
63086
17811
28071
8405
49845
12616
38697
42688
55812
11613
40385
34083
22675
50894
30304
24407
5703
40681
34907
10671
35983
64357
53625
32100
51205
39211
37350
46556
22038
11803
46576
33499
15061
31292
27235
2835
65358
25348
10204
7672
39066
59926
50749
267
25161
23779
64263
30557
2708
54969
1027
13270
64337
47648
43083
55626
2627
32510
62206
37788
23026
36195
54425
14451
52104
34483
64912
66756
49650
9688
56149
45434
36656
54079
42702
35797
56659
20842
3514
44498
36936
57534
9706
13417
52483
58307
16161
12843
3256
17302
49478
59879
40587
65776
15832
50275
7441
50291
64691
27899
49112
15584
53400
23970
42681
49041
45123
10113
8413
8696
52382
14570
52956
23440
56776
14289
31245
7921
36917
35353
15088
26796
62463
28024
49280
46811
47796
23751
46751
12364
18272
2207
49700
35521
47887
58124
20878
33522
4462
51829
16371
23889
17355
41561
64529
31524
9657
25249
52839
8633
30402
28323
63539
23350
59067
32759
44444
25634
51246
2633
55571
19002
63019
44584
57215
2910
18658
41766
5
51443
48871
37697
10059
65151
45263
5142
32380
28731
4662
17048
54529
38822
54605
47246
2529
9423
68
20709
19072
15391
37160
59050
48656
33976
14884
37662
12001
40163
66356
58969
32409
50228
59478
6168
5134
5843
24686
8709
61589
60095
22818
16805
62176
45417
36196
54992
49442
1787
21143
6690
58193
20688
44187
42342
13404
19611
42603
30960
63145
12715
39229
35166
3934
24590
41463
14498
26197
15455
30616
65074
23396
13939
5967
7768
31454
28579
54617
61628
585
35406
8137
42639
62512
22693
30386
22236
24468
21472
65922
252
16447
3261
48423
40851
47029
21670
59224
43920
45213
21412
4664
13497
48902
17902
10981
46230
3790
39256
20994
59307
21174
19436
31484
58878
50030
57942
41601
5124
2027
37421
18373
65411
65911
9707
19827
58778
46347
48497
33089
45756
39365
39315
10729
13471
20407
40796
49461
52278
25609
57787
65652
48268
29947
59606
31320
65363
44332
44395
44682
13508
4851
2680
14805
61298
51624
67320
30250
46181
43820
22323
53826
51802
17593
26773
2855
43065
24445
21069
57538
57776
44386
16106
25904
31504
50837
23124
50231
52819
11671
1392
19638
24419
4072
33467
10921
21348
5331
63226
63350
4934
48015
51490
37525
16499
37822
18928
27169
57176
4402
1642
38544
17166
16254
62533
4967
32924
26259
31064
59304
16248
34586
43367
15072
27179
32237
38463
21685
31200
48858
50010
21214
51832
67243
13136
22960
6802
22608
2926
25958
64390
16207
24896
14353
23807
59381
51448
56088
58093
29983
35298
57929
52059
26631
36735
59893
45432
46256
13842
15920
27975
25351
26940
48610
15711
43885
29960
14783
42069
37321
55848
24028
38515
24236
65045
8181
47150
27672
56701
39868
47955
54195
4033
6989
14470
22856
25545
6591
28830
23351
45718
13556
58098
53882
36865
10660
23512
59912
34380
9818
21225
17813
14728
12513
15173
30913
39956
54139
46737
35764
18313
64901
23030
2827
23871
18249
30654
8853
7584
31974
63921
34836
47288
25373
12932
59156
51658
8051
49200
41790
36303
23927
20647
6024
46173
16386
56799
53444
15076
39612
12847
53237
3578
28163
46079
8800
18146
46691
59847
30782
24015
37953
62943
51285
29007
28217
35256
57654
59336
9610
5978
19635
43232
42594
1179
47137
53699
41401
37228
28931
49320
35472
11874
61590
43846
13144
26560
41140
907
23777
60030
18366
32556
302
12502
55920
5369
35991
20339
13256
28923
34098
33085
27928
50874
49543
10310
29759
14560
43731
44888
20679
16465
53432
6041
17214
43606
5746
38827
50514
16733
41472
21046
50525
29150
47662
8407
53343
41136
12991
20081
65278
60973
22592
43127
8613
64233
468
5788
48695
5733
64514
30417
39381
29434
51833
41159
64336
52527
49717
3149
32220
1703
56980
9732
44109
28906
12727
669
15561
21248
55042
46359
39320
21322
23518
62155
20422
22222
3661
2782
24127
27689
56085
66609
17985
23672
56059
59978
15469
11579
12796
41341
24788
27174
44513
28989
12700
38733
50344
44695
26857
12481
51943
39776
23531
27407
41612
54263
48614
69
62968
20132
52835
38173
48842
48
45357
13854
60480
27588
47124
12379
21756
32183
24528
37322
59753
16345
8065
61788
65639
59528
6983
59655
33160
47045
31420
18256
28363
61266
50004
34601
66090
58440
42144
1689
63462
41024
47891
28539
36900
58365
10580
66323
60318
18857
62160
25523
65285
58355
42813
55709
46687
49312
11290
48756
28053
52538
25682
44453
28212
36982
87
52634
27720
12048
7222
38534
18191
32332
13304
59498
35528
28734
62449
11075
38573
22347
16239
31169
50079
45655
54233
48334
15422
59743
3348
64318
15787
58331
5660
60380
49822
53642
54553
43571
63461
48611
15099
21659
32865
63546
20206
61137
27830
62871
21492
50098
4594
37150
20649
55888
32864
3431
10185
12600
59728
19977
22312
22876
14566
36042
1279
39293
18043
41608
34662
18955
31267
51289
21914
52051
21752
3400
27466
36463
1737
16719
32213
35913
33282
14455
17906
61250
36793
51792
42023
46087
47121
50258
2264
14830
26138
40503
6302
32322
53616
14006
20825
66856
65086
25850
9516
9444
10891
25330
23939
10081
12216
66521
38425
16297
5211
52723
20166
37768
16634
44253
65186
15298
3388
39806
28415
23157
66286
33560
43782
8350
4485
53158
28489
51875
13019
52150
62195
14407
64569
25557
11452
55256
36805
27761
8612
51939
3299
59533
30990
793
32003
542
34061
25281
12583
16464
25578
29096
61244
57655
17431
14698
60678
10180
33230
52923
39049
2415
18643
15858
15465
10906
40443
43565
13758
26726
23916
67076
14832
63223
57212
3551
37270
63865
26234
63092
3232
50186
57473
65330
52056
36845
52749
57162
9348
32640
46601
66855
62230
57673
37608
18273
45917
24248
24735
32656
49817
59189
26973
25070
39071
60107
10865
58343
16265
3477
44969
50329
51590
21592
15482
66273
26545
6519
28153
42670
14713
49886
40623
21847
20342
8140
36842
8607
35901
48234
2271
9107
38020
10847
26515
25687
64897
3141
13013
64429
43946
41278
38313
65837
53932
37318
15748
183
38801
66809
31099
50400
41334
300
61811
14911
29531
10121
59876
55741
56335
24325
16441
59327
64968
12525
26571
59075
41742
14137
15473
7274
22084
35855
43025
11492
38347
43809
34503
43223
46848
43102
33337
16411
60743
63296
66221
17391
53427
55816
55291
42694
28883
14630
53330
2610
34201
31160
6415
46626
50865
8609
22455
5475
15483
38518
34832
66547
46842
51363
32693
15573
59183
27223
49225
52370
57958
12817
1550
58336
837
27474
20817
37404
31781
51298
40649
9321
50633
44232
59623
15504
63069
3069
49122
4657
22927
49598
36734
28653
27457
12809
22727
54713
13237
16446
54664
3882
46936
59083
52984
32822
1470
56579
22854
18624
54652
28164
24109
9317
58083
30591
52378
31644
46076
38209
9864
44207
37636
13555
15250
35220
31834
385
59448
57771
54954
28072
42917
32216
45755
14876
14596
10739
21247
26486
5418
31546
29882
58010
37118
60548
43528
6447
33629
24841
27510
1698
10126
63074
58170
4570
6114
29945
54450
10100
21887
49805
39737
5938
26855
39082
20905
51412
139
2617
15860
60161
54258
25773
57847
65636
61492
20721
17024
28318
28177
67090
132
34006
25588
66147
25648
11151
17608
60371
65803
472
6626
24917
55029
16120
21541
31580
52838
42939
36975
16987
45366
29043
43912
12488
16633
34953
47798
42003
30855
35497
2346
48248
5491
32407
31024
31317
65884
31046
19096
49734
34443
24587
25474
23049
57891
53764
17110
44150
23788
9351
8605
62064
38773
37208
57661
53259
64929
31111
54162
2237
4919
63169
54456
2355
3019
29514
52536
51804
53381
11723
14359
38096
21406
48158
37385
18883
44720
10661
37276
54620
12242
34882
50157
60062
63336
57618
9858
65118
40152
20882
10279
26568
55009
27484
21446
59122
44033
19518
30575
37900
52257
13064
53494
4343
13474
47857
45294
18734
12284
42948
43743
29474
26121
17541
17484
67334
47874
62080
19491
41105
43883
48615
20815
56291
64372
63871
47069
1626
33241
16349
23721
66654
55541
64402
24423
59216
44541
30152
13763
32292
10237
48566
22354
60564
4830
13197
20829
50334
7108
53605
62591
30445
65694
22469
33990
9578
18841
57346
24530
9676
15070
34012
40947
45386
22533
48014
29478
56309
23908
28149
12533
47647
42358
66021
22522
11807
66733
55877
22277
34014
18831
27397
26355
2172
11374
21098
13272
29992
23174
27766
51065
22909
16952
46987
39405
56562
38828
38069
51247
24628
6084
15742
36278
31522
32250
13783
49224
42545
32801
36348
55654
5674
44362
37047
30546
48151
46318
35633
24798
34323
39033
31595
5495
37611
22353
55240
35743
18845
34565
16929
33316
57566
8266
40696
49567
2344
3405
496
34197
60421
11199
28922
50712
4874
10647
38638
12119
17160
17617
10484
63377
46440
26146
37221
15755
18870
53253
65797
23976
49157
197
43574
3456
39424
60748
578
11311
411
36785
55015
42212
13666
28133
48934
46116
17640
22421
60176
45380
3948
24414
43691
65018
4579
7631
12270
65483
21884
36983
53643
24084
6080
7522
51740
36910
58126
3921
49536
46360
57822
5252
42093
66099
44916
26462
60044
6967
2620
26334
65056
21523
62836
50920
27502
61671
51554
17999
44162
20429
30747
43410
15642
23526
25638
35486
67328
25482
50405
16234
62991
5453
37050
32055
57426
26291
33699
41131
5762
31637
60474
54129
57353
38547
31493
38464
50598
30413
28372
26219
66989
36312
36479
13534
20318
43140
66656
36324
18478
3691
40492
52528
65289
65747
15873
50733
29014
9030
59154
25233
25108
62169
63265
42236
62218
30800
53770
14540
10085
18835
43897
24092
29300
31605
57146
44578
57277
30777
23468
19672
7586
40073
6956
42368
31840
54284
49757
62950
55614
22511
52934
61949
66560
51331
52571
11342
15930
63478
57457
23034
55198
55855
18848
6532
16690
9736
65737
8100
40154
66112
66480
30282
25770
29314
59344
1847
53610
46943
58757
59800
15741
9224
19601
50569
63036
27764
53796
25711
53038
32161
60404
31638
10945
46073
52885
44690
40596
30129
14294
47783
6235
61120
43845
65675
44482
64777
25338
2033
42339
46705
13639
54647
6670
2917
22297
16662
51398
63203
49863
41759
37540
62262
36356
55593
43187
36054
23472
10693
18777
12000
16326
66002
57449
21246
32498
1229
32568
42819
31685
25009
41978
50017
14428
1151
55163
20041
20213
33756
7126
55093
24627
49911
342
63239
9789
15368
59418
7081
63500
25677
13038
32303
66790
51907
59132
54426
3384
46054
49923
38618
697
33353
58975
64877
54274
47737
758
4827
44201
51346
35860
36259
33289
47068
44861
61860
12958
45170
18645
31673
54172
11682
26055
55862
37938
14350
9249
45964
35277
39420
40427
35933
39155
24683
4758
33600
4956
46081
38998
31847
17531
31473
9859
61919
12275
66374
26504
60780
8398
20102
35696
22782
1132
66453
32747
43889
63510
23626
56343
15557
38831
537
50376
36771
31909
57754
31126
61979
14585
42539
58669
20816
30959
53278
42916
48198
52218
34257
28301
18227
62281
55300
6765
12170
50075
7181
47473
49064
37081
30897
10372
55228
5234
57829
31324
7125
26315
45837
28268
36843
37245
22843
26181
18036
10990
52910
41134
34796
59724
66910
1552
55085
11726
32473
25592
30745
50607
53581
45402
19509
59355
36413
40369
8716
20724
56001
42994
9751
49499
43024
30117
2146
14459
41597
59503
50238
62732
26222
58360
62955
3412
17128
13919
43600
42279
55115
2030
61122
10224
37407
40329
24098
4706
26508
32074
50975
14757
51401
41633
26721
54003
54669
5356
25127
30932
2158
66134
38614
23464
38939
47803
30694
25703
48787
4837
52283
41812
30613
26030
30681
62553
9604
7018
1344
31799
36152
63858
23167
2552
50654
34943
9917
9574
20593
20578
33974
43270
18569
19878
6886
531
40785
45466
55398
24319
62788
48404
26258
10302
46680
17008
46790
39190
22428
64953
32368
60987
149
12458
32620
4864
44527
39196
41379
22987
22664
21735
19408
42944
55778
11388
5655
45450
7257
52710
27806
17315
13576
28459
27662
33048
1456
61688
62332
52922
3519
52350
2657
27879
24376
25242
44574
44843
62027
65097
65345
19177
8855
2755
51
46923
7836
8932
65689
43755
8386
60842
12608
62717
60560
58552
26939
5878
22622
33677
66260
46653
60347
65735
5375
17474
46210
20831
64065
52927
4629
39181
2935
12945
20937
14924
45228
3652
3053
13142
37826
27538
41788
43084
66468
55508
3585
4070
32752
6197
26592
23993
57799
5068
44233
35950
692
54876
30886
22893
52608
15678
34063
13990
56325
3091
11560
15926
47919
23935
36493
53884
843
3851
49085
12834
60325
17982
51709
33852
5987
46918
38452
45868
746
65601
45087
43959
36342
51734
62870
50983
18829
52807
6076
53420
23091
14764
61337
25467
25327
5601
1429
7066
20034
32750
52164
29210
11870
25887
7140
44228
516
14346
45267
58748
65717
44711
54381
37526
57713
41507
40215
4727
63243
32818
59544
18685
40824
43652
3508
15647
20295
19210
32058
4583
23769
64796
21437
40539
9459
43213
48606
29407
43729
65546
5492
2254
63679
43485
53631
8556
64946
57798
58005
25496
19962
58298
61119
6760
57737
41241
31769
15649
18013
19803
34860
23258
41301
2998
12168
11385
64018
46517
20208
14704
18945
46378
1347
59228
4221
33857
41797
30383
35317
21066
5334
23075
31084
32300
13420
5752
45387
63293
65651
56159
56695
5332
60901
28925
33427
35859
59776
1741
50884
30381
20004
62494
56469
55780
11865
62599
25716
35719
12580
60460
9832
62812
3029
51648
18531
21977
63854
40675
7860
49658
43907
56994
60932
36794
12259
15145
58603
38841
30163
587
46022
43131
52230
66438
22296
62324
37566
31577
45032
33270
6391
12179
9019
20644
43837
15135
54711
56166
20334
61879
58957
64638
65238
66214
21525
52491
44211
31946
42258
24392
46351
36475
60036
37420
30038
44093
67204
15955
61416
5025
58065
59709
8640
28625
1368
10856
63416
63424
8375
65898
53649
22102
11958
15348
42577
23387
30245
40723
4927
2181
13693
54320
54317
5850
49486
10507
39230
10740
1398
65477
53390
9752
30718
20101
9296
42113
58260
34167
44802
36004
11198
19657
56275
51102
12698
21860
62526
51836
64008
51816
57002
45439
7304
29285
2323
35318
22897
56444
50759
59126
42748
3371
7105
22598
28390
51578
11082
61146
17106
38536
13904
23003
29451
18667
60848
48036
4697
49189
65862
22133
24586
63448
322
32224
40080
57231
56795
65416
51380
44486
18233
53165
19191
28948
64548
54644
61181
51457
34819
16012
37392
60907
55659
25698
15937
67265
7741
49783
19056
19531
699
27634
18590
55773
60957
19117
34321
2179
2316
42322
45946
53179
28202
51158
41586
30202
47370
9528
3643
18473
38091
41340
5985
25936
6540
42012
44296
61760
18775
46893
52859
9772
57217
67165
37555
17216
6030
34102
53226
51565
10463
64213
34683
2693
54918
53386
15550
43004
44511
28794
36637
28806
22972
67214
36459
49011
11519
47267
51815
55672
44735
56015
65176
66893
9384
26769
2034
38645
10457
24492
66045
66637
7158
51759
31844
64174
18708
2579
31152
2309
24548
21665
21999
44835
36223
41313
64205
18317
18003
23969
23967
7422
36824
8746
56347
18866
38682
43641
9903
36391
62201
8699
23931
58923
30127
6096
3925
13735
52832
31989
51442
1003
28343
44392
66193
39664
26805
6382
66469
19546
53078
27926
3351
60193
52340
65759
42801
65734
46647
28404
12979
1807
3641
60544
39013
10703
27977
9877
35535
35876
18790
59850
31384
40837
31337
6365
45399
29612
37960
10694
65686
48604
14055
29854
55878
20214
9182
52890
60437
31705
58134
49554
33180
45360
57813
14610
54990
19070
66730
39773
12110
36139
36922
13421
22257
32603
22984
27373
36329
22858
14158
62316
63390
4223
31419
39602
38009
24639
15689
17598
57548
33378
14669
62370
16966
39065
9272
60468
53666
46950
35408
23489
4442
28979
1736
52144
50568
2373
40716
55639
67326
14047
57610
63182
14588
30229
44741
51509
45557
45502
6431
16641
34259
11090
33344
50449
42633
30894
9974
39654
48528
8581
50161
476
58846
60950
12132
46227
23998
61347
11376
13756
6713
22800
52953
1694
58756
58563
18621
36601
46757
28898
2925
4287
3161
46100
39047
51559
57403
31510
16004
44605
56932
57586
62017
45871
61201
44255
18631
61152
13907
62830
25856
17276
36518
25190
57140
48065
40726
31431
1555
1669
46682
39091
8849
6539
45443
49033
19840
724
50924
4129
65308
8635
52510
47698
39261
66044
54286
25849
55376
27091
35637
42203
20432
48312
11125
56779
30818
12800
64758
56660
38619
57471
31750
49553
46612
25063
30604
31030
2661
34568
58399
31085
63032
42731
334
52220
9252
43284
22621
3998
49244
57892
39267
22212
49204
60582
24043
12798
17235
32706
21453
53387
5045
53163
53436
33478
11908
61421
61540
33520
37207
26679
53569
30972
7840
9062
45886
1931
47087
56109
19952
52375
8677
19715
22611
1114
59115
36542
39610
10755
27254
55260
4344
31121
1805
30096
1547
49852
10939
33856
4540
19457
31792
58211
42301
42510
60771
50732
59656
9421
14606
65534
14456
64595
32449
57870
6571
3649
42027
10609
61878
10334
44416
7551
40024
17224
31639
57228
63502
27970
24264
52602
25179
56043
19071
52463
38253
54207
23274
31288
19809
35932
25386
22266
51969
21013
53519
22780
26010
42479
59881
5283
13857
51896
34080
48720
41979
8933
11980
7353
64768
34510
2108
53314
23959
34638
64404
31836
39140
37362
5642
18257
52622
12680
65595
25537
142
21952
7114
20403
50020
37324
40188
3345
54754
57083
35517
11076
39036
56570
51499
41539
48675
2677
50417
41765
16379
57828
22169
2658
34232
54136
43
66396
29401
53370
42291
57272
1557
60258
66232
60120
50622
13172
40300
20953
26890
27149
54134
5474
57123
61093
12792
24767
3848
61149
33829
36584
38525
56078
9898
29316
20638
59042
13737
7110
63300
46876
59669
32339
2576
11756
31732
15603
33526
27673
20560
34929
29255
20976
44756
13145
62407
58280
32955
65715
47776
51284
48348
53196
45648
36605
40886
6446
19478
5798
38813
37798
28178
44896
53589
65716
2143
59182
8551
40460
17075
26145
10793
18223
28210
1622
39509
13686
5603
6333
29164
48436
27095
30806
61785
38761
55455
5558
16571
23757
31408
61177
57193
66499
4441
16087
23072
60832
18743
41926
20247
54696
54965
6976
4708
17196
32879
54455
67053
30164
11251
49724
6223
16340
3324
27414
58417
49808
27685
54951
5300
15441
59681
29291
60703
53023
39808
30329
61953
55243
5101
1867
24080
54865
40051
25332
49510
44219
29962
25062
15356
67259
66585
50950
49573
3457
7278
49908
52809
3510
64990
13924
18570
33563
50708
8908
31699
17363
43775
27059
7882
39902
43663
52392
49394
22377
50301
13374
40569
34596
18357
24068
21070
58456
29497
18461
25628
48114
56882
40981
6889
15865
35584
3878
42818
53421
12088
37382
54925
14311
7735
3686
46397
32390
58688
23185
22977
37243
52290
18840
61932
14834
49995
56217
63754
27789
64491
40305
12160
66672
21950
59747
45845
14793
56337
34404
37401
54295
19874
25598
30985
50373
50744
46812
32922
60021
28005
14992
65771
20823
43503
47312
16125
18182
37433
43408
66592
28215
25440
56680
22594
14612
5608
32715
30580
21978
32379
8456
4600
34265
46254
25603
34178
19796
39769
38710
50086
4193
31688
57238
17724
66120
12334
44053
9729
53498
10341
55512
9507
16076
473
11601
56720
30586
64358
8477
45925
34542
30529
35418
36447
43343
43978
53468
10305
66493
33452
14586
38480
13876
25528
45829
597
26285
37538
48090
63899
19269
11842
14543
62083
1516
65851
14329
16408
26854
49932
34515
58233
66139
64811
40861
38279
52373
35602
54835
19945
3030
2509
67208
65355
38145
31330
58095
44941
2085
48256
21368
8284
37216
54922
30303
47465
38595
22466
40452
36055
31506
7967
614
34543
21598
36364
26326
56432
21572
47753
17574
2111
59849
64297
63464
51765
54228
30916
54515
8394
6085
26917
34339
13090
22881
43876
26149
1978
66510
27145
39839
34909
30454
28339
24838
22410
13642
58797
43291
40754
50679
28491
41846
60019
55272
48333
24705
7705
21502
34896
7557
64769
12640
40733
37165
44400
4756
51843
30146
60016
34312
31366
15140
43854
28659
10986
14404
61417
6011
28617
5575
58583
38724
59450
22104
4623
38303
26114
57692
2701
31118
4482
11740
46443
15948
37857
3295
25972
50466
62618
32448
54906
55895
49201
14512
18726
53577
43799
29400
19867
53246
3213
26532
39329
4518
4030
59470
61841
15668
23080
16470
26641
4597
62822
42136
45670
29211
58593
23600
31808
5913
38565
38943
42598
60787
29532
40858
67218
62972
23203
26272
53947
36489
37819
2878
26752
26421
39742
66872
35001
40534
30668
59631
7352
2139
28190
2496
18428
49427
52456
36100
37010
28756
47561
40489
48654
7359
52359
31354
10032
56490
1708
8534
39681
51750
29427
4506
44371
65787
42365
49195
29289
61746
19499
41120
1667
16961
23052
52685
28490
41088
48577
49998
42855
61378
8260
58387
32857
23374
22014
20328
60933
21390
23953
66543
27600
13838
5244
821
29196
23843
3611
2695
50987
42448
9930
52330
13184
63535
46352
58405
24754
65429
55870
42809
49076
17586
24367
38978
60365
36414
1030
31237
34000
33475
57694
49893
42928
21934
27468
61145
39390
49496
5611
25436
25147
10453
27626
67207
58751
44203
50226
40210
50155
21491
17734
19616
64581
49331
42758
17263
64126
57728
24161
60097
22191
42669
40360
39333
57680
13963
24083
16187
10031
26716
60202
61131
12549
57800
29706
34501
34416
3078
66875
41497
44508
21531
28760
42298
20086
11099
57407
32038
24032
19214
31855
40228
33373
12495
18811
52697
55601
21557
44118
45175
25470
37799
27629
32494
9835
28380
18672
12956
4979
51700
56835
48555
39592
6118
4647
26382
25416
10269
42325
48331
51356
9383
46400
30573
16430
49277
2479
8831
24136
13131
28546
50675
21012
36593
33369
10117
18824
34801
41936
51631
21111
42992
63338
30207
50855
38382
24567
27299
38080
17975
36419
11037
45055
38891
34060
65932
47952
41330
62496
59465
42949
54502
31961
2662
44178
39944
34156
67278
63082
7059
21681
11049
13109
44100
49548
7415
46969
3816
34155
30216
41022
5238
56866
60626
63757
42921
30971
1351
66641
6358
56743
55588
36021
5925
3373
27074
67329
41959
8858
6992
56549
51462
11512
7446
47922
32323
23714
21180
50689
61271
27470
21344
11466
40684
10499
6754
38302
2279
60570
13341
1902
19671
31449
2051
33810
32370
53215
61655
45802
49035
41414
46557
40455
19412
38163
32426
4998
655
55531
36999
17130
40581
64864
65063
45870
11329
28757
47440
35055
37412
62975
22793
20969
38879
22817
6340
32121
24203
24813
42898
37754
37511
40739
47134
53555
50534
49105
65152
6106
38845
1760
45733
28904
60741
49933
28464
45612
24843
18008
5187
29577
65447
16777
12470
45565
48043
51074
57587
61994
50866
65569
10000
19978
50919
31167
5305
63229
54459
38670
56303
34220
35523
9049
45692
25504
62495
41399
41559
8767
58546
34161
1107
7506
53221
47095
36870
33071
34824
22211
31221
65542
45574
58789
51798
57814
12505
2357
38138
16053
58172
2562
64081
47994
57161
47714
5649
53501
38906
54734
31557
35727
20027
43469
26324
67319
27578
16598
9380
7486
64489
22558
40547
16068
54478
25094
39061
25678
19442
22503
1109
32059
28037
59130
44429
34344
31197
6450
41874
10182
56962
24089
50408
64282
48749
63168
24719
65772
5974
22986
12129
37200
9015
32308
9142
27795
20381
55385
1300
11218
8869
21073
20104
53833
56029
22044
20314
2003
63467
64543
56060
27597
47385
12766
65658
52236
4219
10635
5854
9309
61727
11454
60735
32807
32887
28155
61327
10524
10074
47958
21622
28145
46188
35023
31760
3293
13601
5724
48652
30926
49397
56344
44716
32891
59769
7139
65413
44637
41690
28108
33055
3303
34210
65938
62926
8584
19870
28655
8533
39712
14413
61328
34576
32122
11921
9971
43079
32212
59144
58431
45065
7217
25071
50381
55782
122
55547
35013
24106
29798
57148
35717
2227
20054
33052
32197
32788
16681
8577
57767
36555
2996
38353
41258
42143
58332
49232
18482
38996
4213
20078
60441
44051
1394
60007
42434
19950
14831
15428
20806
33182
30279
37770
45977
22305
290
28307
50057
4902
3573
32402
25568
11095
60084
26083
55847
57132
51187
43393
55995
53899
40677
52875
41941
49249
37753
61699
36850
4186
2977
228
34777
39496
35096
10481
64131
29251
26693
32313
41255
34132
8329
21468
19460
23114
53353
35587
58086
57354
65055
11592
43865
57144
65084
44957
23845
49132
28030
48242
51076
34802
36947
37349
11699
35049
13251
8469
5641
38554
58398
42095
1749
42556
40802
2859
57323
23839
16978
23445
64411
18395
18566
40695
28878
33472
42163
21396
40397
27800
7027
46614
21213
34144
66963
11441
62872
34842
35057
24473
65648
11190
48948
60778
61629
40412
8281
32954
14398
64363
49928
34169
7751
36127
35574
35622
10445
10525
33400
58696
49528
60967
34835
40222
39004
50666
12934
1230
10842
44367
10243
47687
26238
14377
19914
46125
55258
13416
62065
25799
23514
32728
26830
39914
30871
14702
62738
16204
59382
48020
22835
23097
31316
37458
59218
60395
46277
8193
54099
33805
64197
45851
19421
2994
30015
9874
50047
31707
55572
38566
33901
40664
22600
15304
36486
48608
18446
56129
32231
26737
50429
31669
12416
3012
63334
26883
62733
20262
25934
32662
5494
40344
11969
29440
37399
6880
22871
27045
67302
52408
35927
39224
45080
44845
12689
6276
71
15283
53254
8250
57294
49937
62849
10374
8105
60592
17979
41380
23086
27747
61214
31083
22275
15286
64800
59561
22717
36641
39555
28609
18145
64957
15419
60054
47422
10377
36823
45284
21369
24812
6917
49401
11624
7909
33845
62425
55941
59056
47614
26275
55219
19980
31918
24239
25920
34990
57173
38810
4443
15753
19373
40561
48393
29924
29687
33215
49840
3090
27512
26509
6165
9163
55662
30000
30295
23912
13978
60984
66924
20373
66537
2240
37981
5399
34451
24087
20271
53216
27368
6319
14817
44965
9482
10251
53894
60306
13247
58348
47605
60093
21920
36729
11310
5471
65823
51395
22704
63111
16968
36944
18212
25033
15489
17746
22250
44532
35061
39095
43696
65168
66599
2252
38593
3944
55183
37073
52391
7766
36603
53477
42046
65440
20481
58857
15225
40571
40130
57716
44971
15008
48851
9292
33647
53380
33411
39744
65596
3085
41675
14068
65584
18433
4007
37756
39395
14903
17231
33628
13663
30165
5028
40075
17499
45275
32443
13677
63384
36796
26220
19188
25816
25558
3383
6790
33582
15323
19711
8322
65667
67275
12595
11216
8959
16696
51758
14686
950
23584
55468
23991
56132
51906
34036
18159
2133
65183
21420
5898
32243
54772
58187
50418
52128
36808
45761
3834
40018
6871
7290
30864
41816
34871
34365
16303
21574
50484
53676
44937
51645
49233
38919
54801
8818
22049
28314
7596
44483
30193
2153
61121
50805
14493
47913
14389
38578
8692
21099
3429
46202
28900
19474
20237
9338
39403
51536
53373
13164
40698
63669
19568
47163
55964
26209
7425
8554
30771
5599
24292
7314
39325
1404
7288
64513
61697
9946
29063
41956
45457
30108
61058
51913
31815
33615
58596
26045
44166
47643
67105
45552
46708
5122
26343
4154
39724
30113
37599
11608
42180
18135
1036
7777
14865
18467
923
5386
22737
28816
28346
55984
8722
16559
52642
5501
59280
56106
13479
38128
30615
3803
66866
32915
64281
64188
14070
55364
26628
64374
13330
63530
6433
53029
136
15163
43146
52010
40232
58048
4374
42907
15142
22741
37239
33013
4252
18997
23941
3367
29466
39683
40966
49826
11826
21303
3248
50072
27180
5042
23040
49102
9096
8547
26550
44799
38686
32886
30330
59625
24316
38671
5657
46289
60532
42146
31070
31853
39572
44804
56597
52552
63832
8457
13547
14077
57545
11406
23964
26572
11732
22545
36838
903
32702
11972
14734
6040
17125
36661
49665
30574
41540
22870
35271
67257
10295
40668
52453
4216
3645
58468
10375
14655
37418
22443
64134
57874
47599
9524
49649
1619
3018
55147
54580
20459
47689
32266
6642
289
21965
4514
14714
14050
22207
48833
33598
65206
16460
24671
61536
49711
9896
23163
31096
50464
33149
36182
335
39720
57319
1486
63509
34689
51210
43230
59290
1939
23200
57921
18673
26499
20043
64407
51563
12268
32353
11766
66291
2906
37364
55394
34332
36522
65449
48647
44259
61334
50826
8655
42793
66023
10732
21633
41704
37381
7873
1188
52163
59337
40558
6939
12706
64852
48568
30538
55286
66903
13248
39876
11146
46095
13619
16751
42998
31153
11453
65510
41046
55760
64508
45501
56523
7416
8863
5781
29253
13525
49337
43624
36544
14072
35854
24041
23830
10923
64622
21267
47199
58782
21011
14020
11515
33585
24478
29209
24704
35843
41544
16418
63
53252
14435
4800
30684
61664
58994
47502
30954
40182
47325
59892
7938
38967
3497
53189
35570
31424
14420
35035
6255
28726
26171
20471
24149
11949
58542
172
21300
22039
24960
8474
5350
33860
63026
12995
26236
49924
21806
2611
51189
29148
53819
15467
38741
24946
43709
53920
16215
31858
13955
65857
28555
55988
6219
4725
43409
7302
58214
31226
40054
54424
37173
49093
58877
30929
27868
56086
7541
2500
60229
44161
18742
9866
41076
11066
60307
19003
18275
27327
3423
1518
2439
51244
237
57604
47788
24928
18921
25989
53989
49354
51305
32101
43147
26997
58624
62945
37845
30982
44915
52572
39676
18254
19936
58099
20892
62076
33267
28230
60451
25487
39313
57711
15739
22488
11541
1873
41314
30915
60579
28251
53873
39080
44134
38131
12936
44940
57157
41822
11212
50651
44407
23869
58138
7390
2955
27840
41054
36896
8942
30006
25571
5370
30956
24661
63736
23415
33902
32766
19028
17751
323
62637
51551
63694
46505
42618
65373
2148
51072
66416
20666
8672
29822
64195
23798
26512
47047
30794
22299
39128
20616
3707
14945
25381
35028
43955
61221
35273
14288
11664
14017
60060
39663
2083
5126
48315
33309
61070
26581
50706
64563
18208
41672
1675
9802
21971
38769
31256
13111
33268
45086
37556
43337
51532
9941
32531
3238
15059
51800
16603
38012
64998
50680
2587
34980
66402
40763
50338
50908
10554
39240
24818
21497
60687
46263
19757
2082
10056
19652
13434
49968
24262
29273
58002
8713
21746
25103
48579
16875
33703
51349
56241
53431
17443
66906
15684
19825
4196
21118
42762
55296
20708
58627
30807
35702
44644
28831
40835
47115
19649
20322
3129
43424
499
54804
65506
34932
67031
50537
48454
24697
21926
21898
36841
56616
178
4875
7193
59466
15369
20263
55952
43214
6189
41535
64697
15552
1452
7374
17122
53876
29162
31271
28916
20371
38693
55350
1004
10196
52594
15295
19164
24164
60080
31173
63901
13335
8966
62689
14242
12838
22381
52770
9126
67041
50388
55506
8128
19306
12482
38506
53757
23352
51741
38815
54624
8087
29609
17283
16786
65406
8970
1671
21667
48048
31335
12287
28137
59742
13370
36242
974
36405
66075
35268
60142
26228
27859
39626
59671
21859
43622
51898
29408
16061
9708
67144
34400
44083
37340
37306
49416
27402
18670
24073
39557
42004
67292
13233
41872
32781
2621
32881
41458
11815
8921
55649
16154
7497
15426
45398
57201
49046
60873
28050
15974
28148
51811
38948
35148
18030
8891
18318
20590
26158
35926
15191
20008
55379
52693
61037
4128
7357
55767
3583
38788
57582
24905
23958
1182
33009
41429
5680
47651
51764
23433
13480
22472
24766
58920
32192
7923
37337
24388
55641
22385
17953
10033
67238
36946
47299
15334
54967
23305
35453
2966
16683
21822
11267
43936
17539
57313
12044
58529
25581
55595
51687
39019
34650
66485
41774
66275
14864
14826
12266
30377
24797
46739
29091
62898
58408
51666
65963
18663
23347
50867
50536
53686
19574
1022
9481
58144
32589
38369
27997
44355
46153
35659
51901
52880
57374
22863
51650
22202
13116
18179
29930
55024
36795
44480
51318
14029
11672
32805
21824
14899
21002
8006
2959
31498
59967
61710
10617
7389
1793
19126
27101
67323
3468
51365
31168
37593
5486
50628
49160
28254
62759
55944
35111
60504
15000
39287
46686
55117
57546
41452
29677
32070
61847
34027
63251
3830
3954
62763
10284
64884
4748
67155
61165
61513
59378
45816
40015
14159
18918
25547
20774
49050
56840
61468
12469
3189
2073
33691
7946
39079
32188
37070
32724
65427
63570
9018
52232
62183
32005
45813
22245
40410
52479
13617
64890
43055
17949
34333
28973
20462
34705
5817
5969
67176
61577
23645
34273
44847
18302
56305
51071
2589
55705
2177
48464
77
59715
935
10691
61352
15399
34347
31116
31370
29598
17359
22823
37806
15529
58608
41148
2009
63322
1106
52402
9875
40756
11089
33233
28513
5550
54051
32909
50730
3587
28814
50080
45329
38058
24359
41082
37592
7606
21823
23336
35864
2391
66048
60925
6986
34604
64308
15554
10759
46119
35923
34160
59868
21868
7621
45666
51640
26966
22849
27849
51413
33746
9914
38931
29732
26232
35339
16754
31246
36836
58674
39376
25796
11153
13506
11783
19488
13389
601
49620
2378
57928
4304
62597
33041
32484
24300
44330
3936
7903
3646
8052
18821
26064
19969
49259
37836
25720
48038
37152
63282
52806
38532
7016
62168
37341
34070
34454
8526
32502
47027
31863
66867
35355
19967
31964
40307
658
1220
20834
32613
65475
50039
52237
15687
49660
23761
9598
65331
33232
59602
32393
61780
66850
7327
3081
53022
30231
26
3436
51622
52727
67192
1218
9764
13018
4159
25437
33558
32698
155
57759
35810
39946
36867
15852
21923
25480
38164
34894
25672
22052
5652
39348
29927
28379
22679
37406
36615
57143
4299
44390
19965
3706
55658
3577
55648
46683
50084
3733
14910
16237
9242
56350
8811
23332
43670
43588
23735
8778
2592
65374
18173
40692
59512
19748
39417
218
36022
6994
9961
38221
48078
21993
18599
38524
14223
46450
52560
6343
66648
64719
33706
63740
64023
27990
44750
59174
63483
51032
11637
65453
126
60443
55246
1864
43870
16837
16933
61074
2470
60536
11114
55882
38467
52640
45743
12648
36180
36617
65442
60361
1152
66410
50662
4176
10537
29464
33844
38161
15786
65664
1012
27716
55909
61819
58026
29729
42972
6068
40275
50240
41522
63150
5233
65333
50304
9850
45830
34537
60204
51213
52816
8047
13470
47166
50585
8499
45112
40590
42410
47399
55805
41980
50556
57135
22567
40501
63254
2532
30391
64951
39276
7550
1923
36203
6261
55681
62102
52742
46064
26723
65758
7477
15650
7775
14547
16437
42988
685
63971
22744
13088
50227
38799
33126
54422
1223
60869
18513
51607
35882
47292
58160
66497
57431
45822
14084
61965
2066
31791
36217
34710
51344
12789
26500
37531
52131
48825
23335
47933
6936
59778
17151
66397
8364
32252
264
32478
64905
32444
43636
44768
20301
8439
38082
64916
45504
31650
15289
17442
60029
5745
23291
55118
36848
28405
15592
20147
42445
8826
7163
9389
14952
38493
10911
66743
59111
30511
62060
41933
34111
59007
66976
39327
3470
3870
57748
52532
24911
60977
18506
53674
3410
20010
21186
13509
15602
35989
60092
60507
53596
18960
46482
42974
53245
12265
46078
4034
39295
29648
34974
10968
63598
36346
39851
36279
16163
30898
37607
21064
16664
21779
31742
10371
34463
63531
49125
35902
62672
37209
447
31495
42727
63222
36434
58079
42282
11064
55953
17756
16713
31621
55410
40200
27130
17413
29281
30225
39113
55480
10410
14320
59395
38266
20122
4109
52403
13311
65791
59432
27261
28047
28270
12466
32686
40002
58647
6383
3286
12078
24621
7588
42391
43228
4572
22813
63981
15434
2326
38929
55761
52165
407
47871
14542
33685
27910
17149
48965
61040
61752
720
26147
54800
58978
28614
42784
27915
5003
9433
48450
64522
44473
66398
22388
2896
21386
30473
55487
11445
17132
31618
36101
57623
32105
21080
6636
8120
54039
63297
2947
24866
14954
55957
49960
56040
43184
55613
66324
7868
63256
24456
66271
24882
44174
50331
7991
14608
43176
11576
2531
51902
8689
40250
10300
50933
30725
5618
66548
23485
52336
13450
51216
66678
28867
17290
59143
24167
15041
35289
6908
61964
63836
16636
16247
32208
38003
58934
65356
62664
30012
28761
40227
17203
24950
42791
23164
23126
47305
33760
5526
46435
58956
56907
53430
53306
10492
5966
30643
22967
53748
33950
12358
51977
33575
38049
29188
41310
49728
66811
2411
7592
26885
4445
51369
50185
17422
67205
1076
67157
8989
53236
11782
25511
60989
31896
35822
42247
65196
55859
66840
40985
44442
56393
25580
20307
39893
37225
4051
36941
37080
43120
27112
4970
27941
25030
27252
34007
37580
31479
39937
47940
16532
46057
59186
7934
38944
33728
19228
12286
32267
24521
43390
33984
64924
51596
19009
47444
25876
54637
37984
46266
34561
61662
51475
41531
34987
64149
18651
38322
6287
31165
42345
41714
8761
14341
29724
58944
14279
1136
31696
38157
66008
838
9532
51519
45599
53503
64786
50262
46143
64599
59019
14867
53474
54095
4197
37626
60553
24596
61568
36906
4563
6934
57871
59622
56501
46313
65005
53293
62532
24806
13594
57816
66504
22442
58965
52795
18680
53864
28692
16546
59490
41111
31991
14544
56443
11713
61044
67345
65897
32612
16924
4666
23343
15967
64841
18819
6856
64896
27540
9631
10373
51932
17945
10958
36872
60700
41319
65540
65582
40031
24333
3214
12720
1729
10756
20176
9105
54766
25026
8511
44454
44630
8813
10233
54126
20761
58700
1247
36462
2581
30514
14018
4928
15355
44101
33226
65232
54322
16102
54388
46935
46426
58200
64385
37859
51456
47750
64838
1954
23832
10780
17342
46086
30120
14816
18808
57048
34733
18064
1105
20248
49693
7170
12916
17292
17834
37185
53283
42373
48336
16039
7809
58064
21865
33553
44651
6210
43218
23610
16788
59932
53504
62388
50443
23934
36970
45704
52112
35181
58342
37451
62055
37502
6573
49212
43645
33778
12799
19099
940
57606
9985
13952
64190
66540
5834
31544
10029
3978
65981
34384
31632
46898
16567
39583
39126
13593
1207
63721
22449
52476
31426
65101
18833
37331
63234
48189
18291
44536
64922
10995
13348
14633
13604
49447
26414
24935
21055
13540
10040
1519
2780
52016
56089
57862
5996
13032
31404
43446
40661
63101
42971
48556
44817
32594
53751
3171
66473
59129
56459
55141
4143
59794
41870
42830
50247
65806
5098
18524
35306
39631
43197
52612
60139
5857
11785
16045
14078
54184
2776
51005
8610
15476
47448
5162
47170
13847
66477
12786
8402
6443
59272
63426
21274
42167
7261
44576
5177
10035
25384
26945
21488
41114
12109
58259
30410
42268
36288
24977
56519
53808
3760
59084
9451
16980
47118
44060
55110
20818
28834
25674
38404
44814
33838
12917
23402
17646
15004
18907
38156
25895
22903
28674
61610
1585
32346
9868
20760
3216
63521
33935
25740
62587
24584
19045
44037
775
12032
47248
66392
48469
31021
64457
34709
2506
9660
60322
5221
11142
43062
54002
64701
3668
42588
8963
7620
5975
48203
41104
44832
59975
42520
959
24894
13962
10749
26187
65249
45281
5065
61812
61180
39411
67318
12503
60821
35878
30082
45970
60680
49941
11381
44567
12434
2200
28691
49952
62072
66891
32215
65633
60206
55253
16302
9492
41154
30335
63310
2259
53210
54989
43236
26111
64345
61045
66128
53561
19833
36246
51613
19077
62781
13631
52294
27422
19992
64799
19401
33926
47882
59752
37244
52411
31232
48236
49469
61414
45974
18687
47527
62379
38989
37007
51217
20677
36659
35921
46383
3350
23614
21036
33103
33709
38193
48941
5397
62382
21159
27376
21605
4148
41069
24175
35564
42477
36268
39705
43686
21831
52615
28957
32867
42324
58412
4190
11184
6942
64267
27131
26694
28748
38014
48939
36357
30465
43831
48987
19854
8916
1541
37156
134
17209
59608
15450
33533
50230
30880
58691
47451
61318
11391
29523
21864
25509
37804
58812
50935
53178
51461
67182
30242
59543
37831
1008
63431
20340
1498
48837
15543
28862
36504
2717
56548
66622
15991
24883
40156
30952
39771
39087
24805
30256
6182
27908
22759
9171
46362
44122
58882
44670
13797
67299
59808
39300
56838
61741
39953
57028
10905
37969
26771
24219
64511
28686
21522
56124
23317
66251
40580
9606
33473
12026
10816
64294
23437
51119
33274
12827
66786
53186
35753
18962
32814
45843
10565
13522
51659
15905
11633
49832
51054
14174
55409
59413
14605
50447
31161
38006
20536
23974
50563
54731
8974
32241
27022
43914
54542
42089
34263
27113
61680
38453
34545
18368
8833
21624
25861
12644
27820
49735
18280
12307
66202
5130
60267
41922
49964
924
64100
15828
42
25361
56988
2140
34300
23446
57182
56635
43560
20359
23566
14139
20784
30059
63798
64561
45042
32614
50352
16107
1161
22294
57287
17360
58649
5446
59356
66745
2865
38952
1862
15427
35073
65773
9735
44301
18541
25462
13748
59508
34956
32037
42728
39189
36752
26662
4231
20864
2907
65326
26858
24808
3369
604
39
22861
21556
58735
54676
60231
27535
39546
27026
64110
64524
37947
30883
38572
25042
56505
4205
21025
49449
32497
53927
20219
31195
51465
5701
63892
64999
395
2553
50702
64119
23013
42287
51226
58114
59581
56266
38230
46952
6298
7478
17924
17565
13923
915
53937
50974
57575
13733
55312
53619
56028
10437
46123
32466
29794
36960
42999
46729
35147
39316
36016
8285
32545
4997
27421
20391
37646
10190
16231
21761
31242
63574
4551
65918
3892
38184
60902
58012
29040
45423
2382
49273
26640
55879
58035
30865
25637
66899
32238
7776
23217
59519
62754
41045
4011
51326
51274
7318
2190
10621
4321
59951
17335
28793
29539
65247
46589
13303
29841
48928
9119
41317
3759
18274
11165
54001
46327
10037
33540
51303
24644
57253
20020
22089
36483
60011
18250
67314
9175
41484
29032
18162
892
53360
35714
35555
57109
41092
67175
25397
11444
37999
62276
43513
12597
62796
4322
7926
20090
52241
18199
52000
48527
44988
14187
32689
64251
44853
61891
2715
56117
46927
48391
52520
20082
6812
10606
2988
10692
19741
24103
63788
6890
52942
32273
30016
19557
36262
31875
28029
20693
36778
19310
55392
11844
50214
44547
6304
62933
29239
46487
32687
38985
32113
56472
65076
50856
44127
28135
33792
35307
60264
5190
20520
16854
39990
56499
19064
41121
34205
34487
1692
32908
42573
29580
65553
11738
44749
64248
2312
34460
39746
62108
44388
4715
60767
34395
12230
23981
59051
1941
9443
36516
13446
21
51393
53866
40578
8183
15954
27954
57950
49014
20444
61591
6393
28361
12028
31428
29965
17205
3988
22464
1169
44234
52676
33322
28558
41857
30611
16646
58670
44558
33817
37666
61256
6895
47039
47195
65800
21780
35608
36063
50852
51206
44466
7363
54460
44216
27621
20265
17411
33281
15268
13387
55308
26556
57527
33634
14385
51150
54704
36091
6422
15222
44476
66290
5377
67322
36519
5468
23740
2593
20235
58809
45828
19881
7380
33075
22582
60352
27696
20912
8619
60927
8304
57613
60812
29170
15885
62583
44160
17630
58282
21487
30149
29602
56357
39326
7604
30430
3894
11923
14538
38040
10252
29278
64424
46241
61077
39029
27240
24676
27197
34906
29231
33083
30222
36742
6585
13630
14519
8215
28055
37088
1013
59845
39077
15379
67064
16824
18738
67038
58613
8958
38976
15572
46246
56437
10819
38954
55745
38169
14771
9973
3739
15587
6914
33635
43266
61924
15079
17676
32485
53621
64634
22554
46846
39270
22599
45420
59877
21954
49351
24711
61967
26479
2508
26439
39073
31558
18589
59026
31315
10659
37211
56914
32623
27906
55729
61336
1029
57062
18416
31003
58017
57366
46537
39915
22456
64239
13489
29302
65019
46109
12437
62582
14811
18735
24196
61471
61518
19411
1280
2710
46632
3771
47826
18216
54700
23228
10607
26371
40533
36121
44596
53014
52450
23913
36755
64940
4022
56638
28473
52658
65211
598
14999
49202
55041
1676
21305
65777
6621
5536
6204
23155
37222
38214
1423
27571
55178
66934
2132
26005
46036
51328
29262
37612
62137
36949
55444
46857
61098
67212
57029
1888
24562
35313
17789
24014
42535
2520
6171
45028
16138
45948
66750
4897
34961
33928
47606
20332
62631
45104
31105
52971
28091
46288
27778
17875
41897
22852
49097
47183
45463
50792
38598
23977
59128
34923
29051
64141
62295
19724
61834
35754
38484
41308
60406
52015
44797
29108
43647
3740
57657
45215
30376
39850
32392
44299
39802
17991
10628
44841
22918
23559
31508
47562
55214
61911
39332
55863
27347
64997
14591
5121
43860
25250
27587
66179
41175
44256
20308
58800
55986
346
27425
17470
1647
46171
9663
63612
34293
38951
9463
13339
40432
20573
53341
51288
7226
54877
27986
39092
24518
45226
43309
63572
8687
36192
7640
21380
53204
15492
43254
15535
33513
47559
65004
25642
30515
54372
14393
38154
22338
10157
62035
8602
29271
43368
54503
31803
11270
48563
49714
56126
47529
34730
57846
28960
56320
44905
43915
8269
61857
23877
4943
31609
49404
484
46412
41448
21342
1658
46665
3165
28448
31095
7693
58714
53978
51360
6355
1371
17622
47044
48728
61709
59139
22483
42050
24443
25469
10699
42760
18985
60660
56703
41454
25449
64132
29287
14850
11631
14111
62669
17883
7679
8118
64373
33038
44437
62992
14112
3447
49361
7
44634
37546
6524
36339
19789
9812
9455
966
43287
34282
45510
4527
67088
49692
10276
65072
9231
4561
55661
19013
13974
27410
18707
54842
67202
22170
52003
49991
49939
14813
9220
42245
5367
61817
59586
19132
59333
34114
21006
38986
65115
23747
61217
27370
11132
33243
21123
53795
61778
47876
64227
26872
61505
35920
11088
49082
24072
37274
8886
6207
20118
21218
36745
54324
48664
9108
53024
3927
9696
2721
50241
42653
43672
53998
18347
33942
30155
52048
12787
35676
16519
29535
45824
64749
14940
42632
64582
17523
19385
1018
15024
16742
9562
19378
30198
7404
58349
43490
48192
3079
58510
1387
15296
37841
63255
15888
61207
44013
58036
55125
59274
65471
65300
30009
42626
20472
63375
32326
51575
5341
41523
32850
8199
20317
50764
62678
67086
10176
65129
51887
66618
6933
12629
49275
42982
47352
62315
40243
50823
48705
41251
45720
50694
66160
66445
39170
29538
3757
50460
50552
44312
22700
46199
3609
13668
53442
7733
57456
42033
29045
10595
32374
44041
57341
46897
26346
19043
44039
52132
41150
31376
34663
18286
42148
52011
39041
62675
11069
20321
5458
49400
29462
46118
34514
48954
19612
22237
18329
61213
54662
7838
18060
59583
27010
52545
27420
12069
40192
6465
8298
42756
2690
38113
50979
2031
64693
21315
60232
27968
41383
66896
54251
48714
21323
30001
46267
25618
13275
23945
45093
318
53525
5192
49430
39859
10814
47230
46428
16055
15691
43248
20212
28425
46807
50450
63770
5378
21663
34747
23055
1903
52539
54119
49920
49560
14291
49837
59853
18078
27311
637
43192
19987
48124
36781
8949
42195
63818
55949
35496
26836
7002
15376
3487
19441
36034
17938
8506
30921
28972
27586
7147
7287
2928
54174
24659
65724
64576
6572
57910
54355
24688
54118
4145
66063
63658
35716
18830
47418
1461
60164
35777
5451
16694
17947
59053
60213
66997
51671
7607
39117
45303
53244
14743
32342
66740
48179
36060
1810
38338
66043
36400
24885
63368
35438
37975
56644
3042
26924
40276
60254
21067
53977
60866
5916
40438
24169
24111
51982
7950
55139
17083
45197
5856
11906
27940
26192
4941
66827
39821
60311
60033
58300
25457
32736
50295
44138
53528
38198
17767
53042
4115
19321
10589
34820
5158
52565
44980
60589
17528
43986
52270
26972
59147
60403
62200
1721
28003
41119
31151
54677
7876
49130
31630
56074
58396
36984
62615
6996
64819
17690
8290
49415
33037
50570
40493
31133
45936
23528
52600
25484
43895
29771
13941
49270
45394
12874
57954
26244
24546
54581
20894
37238
20002
30589
4446
65270
56746
41023
15257
55464
53243
43363
24822
47780
46446
64273
18784
6344
25914
34863
12008
9263
49058
23753
43619
5290
19793
26046
16820
51021
19101
42722
41620
43707
6904
48327
12419
38259
21395
13077
60135
45618
8295
65036
159
33114
284
24185
21931
14758
16919
50410
4592
31128
17053
54797
65813
50177
21642
50160
61538
62351
18352
58937
53489
11229
19085
14280
8944
10202
57031
38418
11568
25633
27594
64709
43867
7829
18031
38220
11447
12314
19646
60431
43787
43523
14983
8524
42570
61608
66702
20412
59729
11690
21445
56187
17700
66208
33581
18284
33889
8507
58974
63374
53597
9616
53813
7124
60041
31100
56415
43572
29259
41890
26750
45507
65538
47545
44099
12245
38491
65874
63696
17829
58459
58980
66355
32057
45511
67290
23656
24811
2676
2081
55345
61434
54177
16195
27093
1444
56247
63050
8147
35030
55068
66449
65395
18787
26868
7307
31938
11460
29603
44147
6153
39398
32286
58902
35388
20632
40086
46958
32355
20241
36596
19092
39153
25230
43952
55646
13946
56811
42771
5928
27364
38315
63945
40721
9878
8726
59984
48643
60962
23607
57839
10036
25818
19843
65474
15827
17287
9643
530
7874
22345
21162
9135
44879
4358
7519
17631
39418
37444
61009
30289
18523
10927
6685
55221
7322
37466
38609
57382
4278
45277
32967
45299
41879
60872
6527
25986
12312
24641
35283
54681
33867
13004
403
16778
51359
30840
58264
46801
9310
7911
64212
46180
52286
65669
32020
22288
53433
32896
34511
36963
31120
12264
25963
67340
67159
43517
37609
17367
20511
30348
23660
47917
6706
31854
9112
49521
36355
40847
21052
30641
55829
6991
63446
2973
11217
25833
39978
42946
25621
28864
28879
44801
66403
23556
61914
37673
60813
64436
2340
51638
65114
57261
62694
14569
21845
65779
49067
27937
62436
12489
60072
27933
61321
14638
31948
59539
35644
44608
40333
58294
32096
30524
10213
53184
7168
6780
25689
61495
56683
48609
45967
44912
20323
1366
24890
17668
266
59037
30746
36065
46129
19882
56518
7315
57967
12370
54610
51923
46573
48209
65190
2764
23797
54012
9148
53402
41916
49444
36787
55673
14118
54562
18255
54790
8108
35403
38415
50699
56049
7845
7046
35379
16088
37828
23017
14243
19270
38601
24276
33143
67087
53438
35006
2768
28542
10797
43272
49999
2193
48324
34919
49256
4811
24888
44955
4124
31904
64949
1714
57678
44276
1074
18006
15867
40771
36748
59110
26604
65626
17384
47967
54349
2825
2016
44133
2130
1303
8557
4305
55293
31141
44770
43486
61068
3196
46294
19505
58897
6341
39894
37915
9431
51834
66755
51951
14450
28312
55314
25200
43132
18334
2096
33287
39303
38384
55190
15339
44492
22634
23915
11931
53198
40728
115
21938
1246
55319
10508
603
18361
63641
57104
25886
9274
3186
7370
13360
37748
39818
8320
35918
32202
28284
13255
6234
38992
64323
36333
48405
37794
372
7055
23122
14562
35115
36751
56130
52712
38764
42210
47461
19443
34760
36045
62099
38653
66362
24830
45852
54563
50506
25082
55158
25745
49910
44090
13823
58819
32749
16165
65172
8326
25636
43654
18637
26669
18186
18863
40612
49522
62541
1072
42249
58843
15461
35745
36646
18207
9009
2614
33138
44335
62293
28255
52582
57853
7271
40487
26037
35461
32190
66767
32440
59422
49951
1313
45749
22665
51617
34427
40840
35895
3096
16135
22177
58320
60083
24925
14246
36801
23435
1308
23376
19127
44165
11307
28525
31143
22505
23835
15255
10940
63497
49324
58438
38340
32906
14088
22771
57428
52046
29823
17323
42989
46485
38910
18773
47593
58755
45413
10416
54926
45468
24972
61247
25375
49502
28105
21872
50363
61078
40414
14565
133
57420
57556
17179
2356
40990
45616
34421
5174
26211
61820
50364
3531
57246
4842
65137
26288
48991
54776
52485
58380
44114
18587
7853
24904
62723
25218
18731
18489
32420
67098
22686
8035
5882
31701
1879
19342
51646
6987
41577
10855
7275
65524
22186
3570
57292
17022
16228
15407
20487
47173
27537
52937
61864
53206
66133
22970
25772
191
66336
35333
13936
42241
30647
49702
6792
20873
60009
8462
28940
30071
26422
28422
11100
2802
26070
6456
4763
24569
18627
45362
39297
7925
50480
43243
30403
24927
30151
9704
5782
15992
4137
56857
21231
61716
34037
1396
50835
66771
10208
6536
52924
57683
9881
23581
54421
33830
1063
4434
31304
54337
65883
35808
58793
4793
31210
35477
32139
64667
33187
35549
2732
62688
52751
5613
31131
45488
44294
36934
50169
43041
53694
57091
31310
66864
59686
38999
67059
44568
13386
16223
10480
37069
43951
59240
48925
42889
47091
61457
58444
39484
14861
21691
40206
29615
61470
48696
3393
46867
37746
7091
57953
4038
32690
30670
31660
52317
43527
10187
29376
42357
53721
1359
51656
49842
34844
38563
23943
16501
18724
67028
20837
39659
23817
45034
31712
35072
37844
20720
48915
34302
63008
66003
27836
35968
28052
47055
64733
43727
46376
5754
46467
13020
21516
53103
46879
52614
9505
25083
30754
66974
56468
64078
17369
64487
38074
7285
63399
63287
21135
33367
16353
26959
22705
31541
46978
40969
8164
50907
37011
41659
30649
13269
5773
37504
13780
38433
32050
46030
17725
38028
62611
66715
29697
42482
24411
49360
11423
35907
50014
19470
67024
13344
1628
23496
45253
26322
47574
43354
21560
7875
9495
37215
44385
24379
19454
20500
15104
34177
9301
57113
12633
20687
52053
42412
37481
6284
15034
23502
56330
48868
54465
18054
23919
58541
26674
9741
21391
56145
3815
42223
4674
11696
29020
15803
46957
15288
43447
41955
48431
56666
43618
60982
36417
18448
8815
3755
58644
40923
8518
63438
11809
36190
36064
65389
50056
22797
51539
64398
66803
55081
51785
12200
63099
56935
18181
63727
41609
31092
55838
29372
34203
23550
45489
40943
63672
23140
1789
53130
62647
65306
16007
35135
43070
5622
3125
9544
24959
19636
35757
19738
4780
24356
26733
20777
2673
12988
54526
40546
65396
1800
43762
6970
27302
4276
41585
19697
30251
39920
43030
44758
8579
6612
34876
56317
57717
30816
52027
50341
41761
34173
8002
53294
8169
3288
6173
15237
16008
65142
41579
9172
19883
41701
61026
24263
18434
37711
17683
50312
19571
53034
45503
66194
10584
15562
38735
33177
13409
8560
35207
5125
59029
16058
23391
20518
50070
22117
33022
27861
8401
38500
15571
61502
9370
41622
29802
44927
47373
48846
31010
62268
53931
11600
57901
57785
16661
5390
60185
15869
63232
32586
22696
55553
22549
46058
22150
21097
29066
41397
602
22840
56339
55712
50046
16862
21465
39519
16732
7457
25713
53600
64376
5820
54379
13714
35621
18785
62021
25220
35118
67269
42462
28776
19219
9863
31568
59878
43411
50687
57149
49747
20714
19956
44730
45786
39278
60271
17322
30420
13021
39693
61330
6306
29749
27516
56072
28403
40689
10450
64900
26606
37565
56832
37726
48982
41800
26722
11154
14877
22402
33941
32514
60187
10955
37499
32598
41261
63422
48827
40146
33514
31563
35832
46094
37326
2348
25359
36435
42274
10547
53307
19347
26599
64192
4995
56023
6486
22220
34861
10402
19392
48665
41911
13650
33908
7332
66876
39397
21801
53922
45986
61637
52143
25479
45559
42121
14252
27082
45266
39910
15227
45073
35016
32305
11281
5179
6606
16443
60128
36396
59572
53247
20997
30161
35924
54448
38862
28209
3080
65660
29120
42519
17809
33332
1937
41019
53469
19861
11911
39453
30050
11117
39758
1419
22079
11953
18355
42174
14127
34587
4795
7145
18292
55715
13447
23138
46014
42158
22692
44839
37099
50804
42592
29758
64643
23295
43733
41031
29972
34908
16190
56885
19662
25808
56684
16168
20889
225
28274
29908
55864
45358
62920
63841
64849
17855
20950
2023
26413
41792
39492
53934
18803
48689
46720
65458
41439
51909
35169
10673
57579
14233
7391
269
42579
14220
1306
8823
27296
64130
13695
9471
60148
2590
39400
13816
41298
33279
18242
66907
46964
58642
28822
52743
60713
2724
20851
33748
5128
41443
57085
49454
37749
45173
44302
3584
8938
62170
63468
6175
34219
33120
52124
25869
21596
48056
65597
24484
33117
51384
59936
57479
18879
18915
49262
43342
21181
20562
66829
53999
63127
46286
23451
15154
22331
22899
12987
56137
26409
33777
44136
27644
11561
13691
41152
48165
42724
67264
7731
24429
46663
6110
66559
32969
18294
56781
40485
40477
66306
67091
60649
17653
13070
12202
14960
38611
52351
29422
22404
15246
41245
7462
36210
9297
31301
65095
31845
47652
28704
564
46433
13761
62311
65896
21576
13551
11634
49214
3475
12278
9117
26318
61561
45325
35091
18894
32418
26548
11409
31573
60980
49395
37898
57526
16397
17614
33010
24994
21917
65753
56971
38378
26708
8247
780
56069
7757
8305
4565
57433
37112
38228
56036
55280
57763
13295
9785
13423
49450
22773
16544
58794
57522
61116
44445
38448
24865
64843
1781
51908
42011
11901
35669
34088
33969
42235
44609
62355
26151
55476
47814
41122
22230
50692
8254
54765
3380
9506
5899
12065
46490
14491
53422
43239
63811
2762
275
31587
26657
17795
55621
1970
3115
33213
26995
63192
32111
52188
58388
6181
9848
55670
61719
28993
8620
52619
51017
51743
45940
10885
61220
233
21787
9534
61183
59416
3396
53753
23287
326
11606
51373
59034
1588
9778
41971
7455
52765
14902
61377
23618
4906
11555
48801
32953
12361
66360
61574
6576
8837
22902
23195
29222
43339
30230
31552
14363
37176
22988
40991
45096
53159
55184
33131
29526
39443
27690
60256
33515
34532
21913
57570
28978
45469
62418
45311
45952
11538
21328
829
52480
30976
58424
67058
64397
57275
12614
47362
10322
1850
42877
37447
40552
42735
42293
37957
11356
14482
42551
12116
4950
30737
23112
1779
3354
39755
61647
35039
33591
60459
55095
54499
2150
12686
57081
870
39232
23262
40298
6538
41149
565
43806
14717
3634
59821
65189
22426
57533
13542
39594
59786
26017
10792
7839
38343
16494
56022
29581
16533
48971
10408
35577
13438
54945
11663
27265
54690
17188
61825
57372
47482
57826
38510
42031
47718
1327
41118
11598
49524
7944
10189
60739
9289
26052
41179
34297
6787
31826
18169
10304
35856
36260
4673
59400
3463
31634
44237
29202
11753
5237
49428
29493
20096
47959
29860
29925
35607
13112
50976
49830
51446
8641
56922
13362
10553
11850
23990
30930
50112
34043
15395
5530
13702
32472
65080
45010
20513
10979
1386
5166
51555
2157
64600
48309
14509
40735
51672
29864
54873
22344
3903
45062
38803
23466
54076
41813
7320
36709
14059
18337
4063
22681
62019
27375
54630
31136
15466
29331
61602
50851
35851
20217
48859
44494
30446
27382
62549
65409
42338
3564
37918
25780
66941
2539
54519
1478
66254
13271
35639
19792
10522
58460
45247
42191
40965
43721
3265
35853
40375
50992
36331
42039
55890
4801
60651
21167
23268
33186
9120
33649
26678
22721
53302
42099
38174
57232
21586
57751
660
45535
21816
4929
11484
49739
25410
6006
47131
10162
7914
27365
52595
17816
32233
8082
35484
58727
55650
64235
31401
52175
30784
66933
26132
45406
40430
21846
9248
31117
53492
29782
45199
59383
64664
9335
44997
29121
40710
49317
25987
24842
66183
45710
52945
20121
21478
19332
7647
23275
30008
49477
67341
43394
27477
8391
66109
10859
57291
16955
10672
23032
18611
27178
51387
39919
11968
15231
19818
10019
11150
56862
4990
66575
62654
41757
17313
30793
42405
22827
40256
11647
39907
25643
47190
46539
17641
55814
65199
37972
13943
19852
3743
13703
23320
64517
18889
45921
28466
10163
40524
63062
36174
561
27590
18218
17788
23481
22644
11684
44717
1329
14973
59028
41819
29349
47334
30597
4877
29970
18376
41489
21726
13299
9964
9815
15699
36899
52912
29974
51718
24391
40263
54892
18895
44277
59638
12758
17819
7627
26293
52249
33331
12425
52394
5579
20939
67102
56952
15159
9209
23527
23574
35398
16993
66860
57594
58330
22612
21698
23308
3666
17970
3399
65145
19273
5505
5362
51719
23139
66846
63668
14772
57206
37190
314
38513
44714
66401
36487
64549
58827
5699
11279
4745
1443
34418
27725
34445
59350
43057
22981
67225
4642
30849
40564
24025
35884
38297
39188
49684
42187
9895
6159
33444
65980
18125
44677
41991
43203
45906
18350
43989
25209
30405
41844
45712
13261
12914
21720
45337
46299
21988
39719
60434
52589
26013
38281
8352
48760
6980
55390
34624
36945
13441
23127
5586
50362
2722
36256
32144
35198
64572
29492
36049
12971
41242
10818
18189
12896
48182
21839
17192
27772
46147
12768
32608
20879
38688
6747
49731
21309
51080
38574
9798
4232
39577
9162
14189
51003
48285
11353
55402
5932
36445
24431
35993
37824
35774
15475
27141
13694
30561
38374
65489
40804
13579
5205
48959
11333
7463
35718
42667
26032
60345
43879
10344
62053
48798
23495
43800
50678
25434
54944
57648
47074
6336
64401
9740
42759
31485
8150
34193
2775
4241
45015
61831
63316
25258
14646
65371
22360
36687
56259
50731
18697
7714
40745
41509
171
43207
45815
11489
45728
22756
40556
19903
40428
3254
3862
53013
22298
63849
26299
35541
63522
2424
44638
3190
42726
12034
56558
43157
14870
23276
51878
18576
52498
5292
44621
60051
32710
6698
18328
9989
1112
42852
18172
39105
47977
2735
35050
2903
7045
38482
54158
19659
49060
43107
43058
37439
43334
7743
19775
62014
47738
33162
12870
35738
52086
9320
10107
53696
45051
32783
39388
14666
28090
53440
27788
53147
27827
22356
25441
53202
63068
7366
17072
26076
31810
16109
35374
28500
13096
3398
48072
23333
50526
39375
38771
43118
49967
62408
26449
8899
18420
51965
11697
35243
36165
53257
17468
16312
60958
33248
47598
36076
17405
36207
30578
32644
64934
43501
30218
42381
32894
57977
30857
60855
9425
43981
46370
29037
23536
48009
54137
52502
21243
21631
32022
53239
64637
24361
12677
51791
59093
7013
20701
52632
8523
49494
54789
30501
33398
8614
59043
59843
57445
50045
47284
63473
4682
25577
65098
30122
9407
8081
64480
9393
64099
10928
15137
55210
62791
40331
48216
23323
55530
49562
45639
28949
54758
50518
57381
66841
50085
34117
16062
43278
53854
9044
4968
50904
42153
46742
8354
66847
56586
26934
37368
10355
44663
38758
26257
45306
8562
47169
28645
12108
2594
67209
39739
34489
21389
20662
7835
43350
56138
44924
8152
54544
33183
8725
17590
28435
48262
37120
38087
15848
42537
48299
25905
58464
21422
66677
57134
25019
53181
59319
56833
40083
51143
43155
53731
62029
12397
54444
55430
60632
65433
6619
14361
17142
35893
60435
64348
64771
18131
1733
58850
17951
16736
46839
38582
57934
28782
24424
14995
51584
23327
63562
31747
34
37145
2823
49903
14460
46190
53601
12484
42220
16216
6954
1920
50947
21803
66377
34185
2368
5461
20653
64196
19352
8024
59136
35595
28440
56604
54419
16318
50719
34675
43404
4454
4103
57072
24520
2524
52464
59376
28583
2685
39351
34047
66460
58209
27190
47495
28019
62358
67253
50527
9043
19088
65908
14917
8888
53733
33368
46780
31275
44898
13598
8432
11662
38277
15405
53754
10003
8345
20338
64220
24108
809
19312
42927
46786
52799
17155
24825
9149
53074
25204
43417
44787
19134
58381
46056
44424
44047
36576
60340
39322
18369
60526
43659
12527
23697
45934
57745
57355
48807
23169
44607
43828
28287
50567
46951
16351
28218
20575
4687
489
11596
24733
53459
32639
47410
59560
7828
57218
7976
14439
24991
30384
30527
61446
12298
17702
60749
67172
50627
3854
4569
30966
39216
65588
4635
26860
15859
27811
18308
10448
11052
8969
62712
24314
23460
2748
47153
7236
65346
19082
41351
20013
60452
18324
66593
65710
48213
41901
26543
63065
53852
35645
13659
27670
15567
11018
265
34816
35393
58722
62757
2262
43830
2057
20769
65438
11641
12602
11228
18732
10308
49861
23234
66246
67206
3357
36244
55784
33954
28233
47255
47525
40120
8809
30950
43556
32011
17550
48908
52954
6873
49358
48291
45330
39075
11215
17522
12962
56622
39371
45800
13349
13711
60410
2632
22403
49680
1323
26753
42797
1144
37049
31270
46740
50215
5271
59863
29050
3893
26595
47078
7603
62387
50386
52176
17948
63053
32219
2433
51752
38231
14535
44642
26173
53830
19185
19770
62366
752
41075
25177
34108
67181
20165
38640
41072
10247
45392
32043
52425
4598
5257
82
41051
17489
37785
11522
17037
25050
62929
30494
58737
66458
20986
48138
49248
48658
18871
28675
36859
2786
30004
14725
60711
23283
21112
50200
14823
41162
65625
46703
47487
27754
51868
6050
56009
22886
52043
23612
64747
5783
9014
33972
17703
54633
54991
22820
340
15800
9892
17881
286
44803
21767
492
62386
26795
62790
148
5258
8651
63165
13901
46776
25237
55217
2727
31478
8253
2417
12764
35185
29628
43315
54384
43829
52679
18020
36374
28521
19889
36924
27582
65178
5099
47546
24174
22879
11288
5671
34745
3217
62818
50065
38195
65268
14529
29099
12889
3612
28654
25991
48273
29149
57054
3833
42384
67097
60447
59918
18315
50957
44616
55765
7051
63252
56107
5139
63953
30298
36029
6858
18633
13582
23956
9800
16782
61558
35357
66236
40607
17628
57379
51068
64495
53417
31907
12534
8001
53789
26757
13396
33768
11109
40519
6870
9230
57924
57740
23022
3737
21725
55105
33978
1450
16149
45683
11722
40927
6014
27442
33050
20192
5589
34469
47939
64616
43634
12804
48557
57166
43748
51985
30368
27350
10581
47914
50427
58837
47659
14128
31898
28172
53713
16292
45276
8705
67261
39218
38094
36026
1820
57504
37487
9548
14315
45035
2314
36181
3940
9666
49345
235
38636
28753
45560
23198
64459
42624
48541
20819
64083
45473
9799
33443
13104
30535
12576
24142
13808
33695
36010
9265
51081
5787
39081
51512
6846
56382
28580
52060
51870
1510
15020
45782
37092
35423
42190
51793
47466
62097
63113
14967
19937
55357
36600
47683
14916
35874
14623
12718
30526
33169
117
54256
40995
18659
61478
12304
26613
34493
49979
33541
62075
6098
30270
9028
61253
67019
24966
27875
12281
56425
56413
26544
64394
41632
3314
1339
25014
54493
15129
43246
21812
15804
63363
51728
66788
14261
29899
61
20978
9837
19534
5066
55039
13347
61791
32658
22723
66205
7725
42709
48388
56341
43301
29953
65200
33246
55050
49187
60545
8594
64687
13008
4953
44484
14912
39804
1509
31625
29267
11728
65393
7812
25969
51866
38837
25702
16823
11262
66625
64507
41163
24614
29847
58452
52231
26651
30919
9743
41451
62760
39963
19162
35206
33697
10356
63928
13183
35938
45347
29445
49168
51747
48870
24457
35480
28099
58245
33702
32794
35912
1754
61362
42922
22832
33656
67081
51114
28727
2419
42005
6177
23039
13461
40909
54913
43838
11458
6501
26223
24594
10985
42426
44354
59157
31243
63327
59570
47318
22109
59745
13898
5254
48433
36204
28476
7038
44791
47673
27707
51593
21728
61862
38159
28584
44196
50877
35806
53480
30463
20006
25738
52841
40865
41374
31394
26589
54824
53959
64123
21593
24987
60966
10752
66269
20998
15837
40187
60817
50611
55252
44820
763
4243
19570
50143
14611
56161
65217
4057
29351
9256
13430
3951
41619
22556
10125
17837
11758
64238
14285
9608
50682
40996
24568
17956
47563
59609
32199
5035
29862
48296
32244
7936
10880
24220
53097
9144
34241
39926
46480
52153
67129
39982
6815
58531
62354
7423
19974
59025
9339
28313
25306
36409
65077
43718
49874
53970
20799
42422
49090
12407
65913
17546
61514
30462
35368
43694
36506
21712
39785
26119
47906
56767
67294
29632
30285
30791
16064
6529
38111
65561
65930
39864
6337
306
20745
24213
1302
25744
50672
55875
57701
20694
7341
32456
66248
9922
18853
22262
20456
66781
42226
30683
51147
36711
29013
58429
22915
25045
57438
38135
44709
47322
60631
65059
25411
47520
42978
50958
23823
164
8365
63482
27167
40498
42255
23207
3500
57719
51529
14156
3600
48750
40481
23879
16420
19402
59444
67085
24979
52959
49661
34706
14736
19946
34479
20874
48084
30510
42473
40955
7101
15939
15749
53735
49512
8460
62633
56391
46345
6823
24004
21155
11133
48875
26104
14402
36618
31555
37807
49
35723
2409
66759
8341
32960
64642
18253
61469
63269
1416
6517
36270
23737
11623
5480
18537
28245
6000
54810
30221
23498
11868
60585
4678
19181
13419
49901
35024
58788
32487
38915
30556
48930
23349
28826
61018
30632
23248
41442
29725
41883
3449
19832
20195
22649
56798
35415
44229
44512
12272
23006
65297
60486
60599
24718
57518
927
41290
4890
57036
67046
28006
51161
51865
6010
16419
19485
55046
59213
45526
55629
27533
8482
61348
10626
25903
37587
3919
19919
6002
45689
44542
23717
3721
22884
36325
29700
15073
51742
15401
50037
39611
10656
67254
57326
48443
35163
61722
27328
13618
40057
11607
59891
36205
41412
59632
8478
28409
62571
11994
14317
52554
31212
1140
6656
18972
54509
35203
63059
53032
12405
46937
25921
65022
55683
6601
38575
49854
21908
38329
5836
57388
32669
14167
30047
45292
38834
48844
16659
38239
18876
23062
63586
975
59168
15727
33821
38036
24974
13760
62960
29675
34713
28443
28498
15195
14126
43138
33979
12381
42892
20251
26088
23302
40594
32672
15897
15213
42470
14533
4984
12708
9219
5950
66538
62308
25708
60742
30048
47105
39975
27418
6961
47969
9470
5039
5990
17882
38367
36938
43639
17619
16346
65870
7677
7444
22303
3540
26645
49391
27143
44291
20497
21208
20261
44774
38787
1285
45591
32742
52405
61946
36350
34934
4680
17843
13641
3566
41542
32321
19670
58022
25595
6220
21553
39861
60720
45915
5962
18842
38027
64403
22799
55927
48517
19030
25995
58892
56534
12554
13364
29116
46917
38380
52629
7819
2640
9830
16316
32282
32729
4512
13228
48066
62473
49313
7759
22590
18601
43612
47414
55461
44329
49508
18039
41876
49303
29370
9402
17304
14009
35460
25433
62067
14010
39475
28191
20372
54949
29038
33544
6347
34134
1646
43614
20159
45461
66626
63831
46731
7653
11188
49279
59118
11235
35222
10950
60669
38070
53041
40058
62665
18152
46619
36460
63117
311
35252
12699
24848
51670
62348
51544
40883
26489
11422
61640
22289
65319
41137
8045
58777
7337
3211
36549
49170
11087
43508
57178
64960
52443
53479
9290
59911
33736
48849
60196
63682
30018
46609
5388
1222
42269
14489
45686
59899
10315
25078
60087
7754
28022
62082
50375
49409
37250
43690
19138
51299
14199
4350
59458
34053
27361
66217
17775
59459
25784
54532
29338
9612
25324
34092
66035
11472
61902
41018
50701
59568
41324
24285
35601
4643
18850
38942
14331
596
21221
28526
4041
49978
6273
9345
4266
44593
61632
17556
52929
26837
3537
54491
58765
36046
216
64626
25878
53365
47339
58928
57122
1861
14798
31666
18942
16808
20454
386
21602
37843
26339
25034
36189
55092
9489
38890
32195
29552
53465
6334
59635
47298
67121
59420
17228
38608
65044
37622
23636
36956
51580
47092
23031
14897
48946
7156
20533
46232
17054
54004
17446
20269
39142
9417
6773
21297
17475
25501
35443
32604
41666
30301
11665
45628
23942
41594
19124
63035
14748
5049
60170
11531
21051
13208
27741
19615
35903
2803
24265
6966
47813
45971
38067
845
46283
53425
5407
709
33202
3525
37728
48305
13182
37315
11824
54910
12508
51185
24197
45652
48219
2733
19060
10337
33885
15590
46755
32377
28853
18660
16755
18529
66990
23538
19860
53207
33993
23754
57137
43117
55064
15751
49377
17477
9197
24982
30550
55688
62544
48063
31230
18019
67234
36499
24934
43027
17109
19538
65340
51817
12429
27126
57560
29042
3989
32914
43423
66680
43032
49990
36693
57419
43901
56733
39505
53708
65786
7680
62221
7427
46308
41921
62569
57475
53698
49446
11083
56647
28832
46491
2991
2277
641
25267
25776
55207
26929
7495
16384
14508
55874
32800
59480
2275
51254
48490
3071
1259
34318
63512
66279
49743
32931
40395
16496
43899
58996
46574
42141
10884
4480
8349
4267
53067
65058
29114
56314
61598
53792
64607
61412
16104
477
28638
25102
19642
25067
24956
25104
26979
19754
28672
25074
19634
25090
19655
19762
28671
19760
25087
26970
25069
28670
25091
25119
25115
19656
25110
19759
25072
19643
26971
25073
19640
19633
25114
26975
19641
24962
25068
25088
19761
28634
25093
25118
25081
25096
19654
26980
25117
25106
28669
19644
19639
19650
28668
25095
19758
19651
24957
19755
26977
28639
19653
28673
25113
25116
25084
25079
24958
24961
26969
19756
25075
27025
26978
25107
19647
25086
28676
25076
25101
28635
25077
19648
26974
25100
25085
25105
25111
25099
19645
28636
25098
19763
24983
28666
19708
19709
25013
24975
19710
19745
24976
25011
28642
25010
19713
19714
27007
25008
19744
19716
19717
25007
19718
19719
28648
19721
25015
28649
19722
25016
25024
28652
25023
24970
28651
25022
24971
27003
19701
25020
27005
19702
19703
27006
19704
25018
19705
24973
19706
25017
19707
25006
28647
19698
19743
27023
19734
24995
19742
24993
24992
28644
27015
24990
27017
19735
19736
24989
27018
19737
27019
24986
19739
28643
24985
27020
19733
19732
25005
27014
24978
19723
25004
19725
25003
19726
27009
19727
19728
25002
28646
25001
25000
24999
19731
24998
27011
24997
27012
27013
24980
19699
25025
19660
26986
19669
28664
19749
24964
25056
25055
25054
28663
24965
19673
26987
25053
26988
19674
28662
25052
28661
28660
26990
25051
19677
25057
25059
19678
25060
19661
24963
25065
19753
25064
19663
26981
26982
19664
19665
19752
19666
19667
26983
19751
19668
25061
28665
19750
28640
26985
25049
25048
27002
19687
19688
25035
19689
28656
19690
19691
25032
26996
25031
19692
19693
26998
26999
25028
19747
27000
19694
19746
25027
19695
19696
26994
19686
25047
19685
25046
25044
25043
26991
19679
19680
19681
19740
25041
19682
25040
24967
19683
25039
19684
26992
25038
25037
25036
24968
24969
19632
22082
25120
25121
19482
19483
25280
19484
26927
26928
28733
19486
19487
26930
25278
19489
19490
25277
26931
19492
25276
19493
25275
25274
19494
25272
25271
25270
25269
19495
19496
25283
26926
19481
25293
25298
19465
19466
25297
19467
19468
28736
25296
25295
19471
19472
25294
25292
19480
28735
25291
19475
25290
25289
25288
25287
19477
25286
25285
25284
19479
25268
19497
28730
28723
19512
26935
19513
19514
25247
25246
19515
25245
26936
19516
25243
28724
25241
25248
28722
28721
19517
28720
25240
26937
25239
25238
26938
19519
19520
19521
28725
26933
19498
19506
28729
25266
19500
19501
19502
19503
