2429
13678
54799
675
20670
34911
25235
1288
21089
9956
40142
57494
34429
23576
4587
50255
40096
35092
47457
32776
63579
34491
53803
52024
43457
49479
51335
45684
1987
40509
10051
49963
43557
861
53211
13129
48155
40312
11896
11275
47833
3219
9221
46497
40352
25335
61096
16486
25307
16822
10141
61907
9513
1458
47000
8009
29753
16762
34549
38723
36003
28184
61672
6349
14522
39024
35162
13744
29595
30788
48377
12341
53840
49596
7442
48897
7820
28667
43077
8106
9038
38399
45727
9194
38056
58188
62727
65261
18476
20320
22761
5112
9157
40198
40472
56908
9151
6188
6388
56055
54252
3527
46907
1050
29498
44202
41940
6548
47984
49209
58166
37716
30662
65242
18655
39966
20991
65565
55277
36704
32827
16255
45290
44068
51942
47145
61142
40719
24826
4959
64153
8013
43884
67247
4637
35850
57417
55823
27969
17388
65000
65404
4712
13378
47729
29989
52564
34743
27021
33432
42517
40810
31570
57396
61198
13487
51455
62069
38755
21033
12548
31762
62744
6965
52978
60295
42348
14147
9154
12351
52801
55134
11341
14731
63029
10462
60695
47050
17904
45027
28144
20702
16515
10147
6107
46992
38838
50289
17406
6130
31833
24474
15960
43303
65944
20621
43260
39283
54487
65532
53661
47889
60328
2837
12986
16423
25843
23863
23543
5732
8500
39725
25021
7325
50573
24863
2619
46545
31450
6755
45246
30077
2389
35899
9262
14222
33422
31475
20906
59530
1191
29203
54545
7048
38712
19948
22822
656
54055
48246
19469
12997
61447
25352
49637
23035
12500
29340
66569
47512
39099
34485
25821
50146
45882
22709
40202
29199
40705
54014
40338
39536
62254
21374
7531
47992
42873
47761
14480
62911
45831
23850
795
22528
20285
64629
32533
26306
20070
31348
21299
9916
63650
54692
49359
21385
9810
5329
40960
24377
5860
30821
23490
19359
34019
60824
29153
47026
28657
34386
67226
17859
28641
39296
22790
58566
15791
66057
56993
50735
48156
55752
4863
5058
37143
38861
51056
53536
30435
54202
6974
27108
53377
44180
18354
18909
36654
65251
2289
63058
16954
47048
20550
59439
21991
61769
594
34608
24538
23630
17897
56260
24345
9685
54325
10572
9284
20039
54985
8572
7982
617
53194
21015
55798
169
2832
44854
48863
60125
5021
28509
55759
28252
25372
37329
1851
25097
18211
56773
361
24353
10465
9977
17987
66042
42036
11107
50302
11103
40667
28523
26887
33504
41188
29362
28285
16110
47262
23562
3228
43938
64923
31252
9739
33339
53286
61354
50204
44961
57746
56134
19729
31094
20548
8544
47577
22763
6424
13913
13527
19222
61086
206
15162
13357
22628
57021
22192
2014
35295
64603
19371
55633
20344
20630
42553
35310
36169
24816
16580
24984
29519
61786
37203
38511
46336
64439
20854
5314
13655
52152
20614
1439
23394
46858
28876
21357
17943
18683
46600
65464
64767
29048
21471
49619
33364
48171
30449
7096
39793
10379
67237
57764
43648
22745
13851
57668
58229
26297
54707
2163
37667
59021
4839
22226
22623
28950
48979
62043
18748
5169
41477
22339
34763
25445
60846
42734
8426
43871
39992
36697
46500
48121
7171
25673
36560
24844
15146
50574
23960
10067
2103
60682
32627
27004
40738
43255
47242
10964
16950
35803
29805
32031
35704
45735
347
54205
65485
26459
10949
7633
2488
36105
55840
51611
67134
10122
49387
14035
21664
40593
32013
12098
52716
19079
43402
56824
49347
2104
14037
17510
44056
31171
47415
8372
62205
42783
63061
42932
63810
36807
55906
28324
40421
18991
45744
64351
19374
7763
3137
23083
54007
11246
1190
39556
34172
67330
28658
6353
12436
4376
39550
47141
21095
47014
52601
5871
53128
30551
18462
13327
4918
20963
36206
3741
46878
38187
254
26385
2934
50333
65478
969
2475
35762
58171
10022
47837
26351
7655
55686
46805
59699
14906
9255
61933
12478
44092
35305
56492
20311
21120
6472
21508
6962
65116
33662
27727
27608
43128
16284
518
67055
33404
46767
15866
52262
43905
5538
14804
2232
17362
36457
59041
16391
6266
9779
52442
54717
60598
52424
50181
51598
39825
20080
24939
40249
55074
57059
20387
15923
8615
820
21387
21583
28146
56898
6699
56846
24952
106
33625
29057
62558
45084
14330
18676
5912
61125
46367
37515
36157
16457
26843
18316
27346
19675
38714
46813
18801
54237
33188
51460
20448
27325
18497
55143
63846
27069
39721
7513
50794
66818
20543
56878
45608
27334
47493
45774
51487
11605
47214
23368
56617
4087
25757
48584
58900
67082
3123
44656
32460
44264
58931
12431
43602
17044
56392
9883
29192
31187
31342
4422
55225
45660
40476
5176
11794
24138
11404
8219
50798
49606
16482
43054
1155
15876
12058
38076
10094
52466
26156
4394
41518
26562
56551
15161
11413
389
65637
53580
40712
26884
17143
2845
12330
43225
46584
3478
22268
66817
15853
17944
25774
20935
40
64666
16480
8647
63210
48214
49987
24996
34739
52654
53058
21969
51504
40104
13849
46743
41778
16765
1994
33148
60240
65498
14786
65696
50778
62079
49470
40650
15132
39003
61465
36860
13684
53608
49770
56707
13721
55669
36337
62485
7509
3103
55975
5014
34011
47423
27493
64340
60760
49044
11602
50166
16043
27333
21587
20098
61343
12976
17461
24065
47688
36017
59030
45324
18206
41852
4419
12360
58167
3735
32151
13075
7037
64184
1453
35466
59695
26381
59325
11900
16826
61854
59548
28598
60223
36623
60730
35542
5864
61312
32786
10005
38659
12922
31057
48406
4045
54058
19447
53091
49213
67092
66868
58672
11054
3334
57441
40606
52169
12432
9872
31103
66363
15060
53499
54090
5076
51970
42704
66741
64652
38887
60622
11344
32259
40869
26501
50244
2353
49282
16476
50857
23042
14002
18722
60179
51208
41254
8146
45230
1324
37797
12873
7528
45046
33962
36156
40225
20463
18740
29936
43543
12788
60684
50197
26551
33002
13878
24783
13408
36625
63421
51781
45920
56153
1529
54374
30813
45804
63152
48616
36452
10290
25714
46009
47777
8934
15693
12366
1784
4779
34150
19225
5373
15999
16884
54710
47640
28327
52606
32583
26026
44159
14896
50941
14263
31899
61379
61744
61592
62460
66968
64592
45690
54586
21184
29288
13371
23255
35561
7305
2652
5523
40135
679
6998
8549
943
58433
42909
58977
10622
22587
60714
37519
39582
51200
23245
60163
37771
53736
12857
32261
28220
63926
5799
1243
65545
39097
2191
2555
11074
55262
4624
48636
528
28420
32089
50360
56852
63264
17245
36685
48007
50411
37161
56418
2173
47171
6052
60843
48736
29277
16920
33123
34529
13000
50378
48363
44619
29034
5931
35703
779
967
29095
49142
30652
26856
39210
61712
9118
65408
19552
4444
27744
28296
20814
64069
38427
8302
17014
55097
21062
19966
8114
38376
64329
20547
10746
50089
32496
30752
59532
40144
64856
10738
44790
21512
18959
19041
8311
417
25273
48764
2155
43377
28475
15789
48380
23572
32526
3118
6372
20085
51130
20805
32633
39707
6478
7499
3082
2656
14101
50734
2938
56108
26350
15233
14327
23568
31334
53986
36340
11837
12276
4076
20586
13640
19788
4648
9680
6960
63905
22235
31460
67047
58302
3414
22772
27247
35208
5383
38185
17040
8153
41781
54020
59175
21966
36689
3923
22811
31921
46991
50584
43900
38607
42732
32565
480
30531
35080
17693
36832
48860
29592
39430
1590
16913
7107
16549
17457
30707
16540
57269
39889
39022
53162
42386
47934
12006
33742
34028
13740
23547
5175
54229
3823
4850
14186
4870
6523
17632
27857
44048
16619
32153
24455
45505
60462
42955
44899
15690
43453
17744
17303
10700
28593
21840
34606
29241
7056
61691
42370
12703
41969
15478
13139
33021
16063
59790
13621
46555
41201
33982
24522
3143
32851
3180
32699
53423
4726
24527
60970
46868
52837
61019
37979
27854
57709
13991
40617
5189
66116
55111
29923
64925
8688
1184
1898
7971
19720
52316
46829
56812
15710
52735
61387
44622
16224
14616
14192
39958
48148
8273
36644
55866
7460
59595
49786
41750
6180
15728
27016
38737
41888
14507
23744
31606
41062
59798
23784
58075
52808
37388
49799
9275
4679
65392
65812
44273
18862
1485
33255
13226
4606
26333
19730
27981
11703
38786
6708
24929
42543
36507
10092
66282
66428
9388
63952
28623
20370
34893
26925
67083
41204
50066
37314
1682
13444
29806
46916
36579
38628
43170
27054
19302
38973
43524
52260
30171
57087
52914
42332
18861
53530
43212
22361
51545
37849
35065
56603
55581
26900
56596
17133
40138
10488
20871
62703
44942
36150
9614
34826
8495
44673
3321
50306
9002
43979
61015
33359
17172
40429
58600
6161
62622
54895
52633
67147
3631
42104
24558
23517
16817
28608
18017
30450
20563
7199
7995
61202
36218
56564
29496
57508
1607
39710
30728
59693
46093
46280
1723
52847
37808
47180
38934
27482
56151
44849
22783
16306
30328
18679
31086
6037
14400
32574
35618
61366
29456
54398
39259
49595
20617
7413
20473
9831
32034
8428
34290
4214
1744
54060
46552
58422
45840
16406
58248
33963
28819
26247
23443
24781
59266
66942
29355
9081
13152
54601
22948
41423
17554
56453
1252
4721
2371
54395
27530
58497
60951
34306
32083
15381
5193
28185
22928
58185
24949
15767
36765
4433
56365
66437
67227
25777
49695
20611
45610
14437
533
51797
37888
32330
37986
42636
65856
51362
35270
26167
557
19812
24839
15903
46136
59775
49099
47846
24574
64177
29884
64290
10495
41947
62118
6786
20042
51067
26392
21037
64680
62143
7185
50658
34811
46165
17748
8521
16314
45547
53242
16230
36891
47450
19285
51668
37598
8834
66608
49704
58142
29128
15904
38797
14412
24823
58995
61999
22878
29563
20199
39482
29459
48627
5246
24187
12376
53816
29195
57476
35775
22009
27355
20790
45818
37136
10556
67118
10145
59347
41931
9136
37488
16378
45551
54054
65746
14572
24543
64250
31584
12599
3225
43530
5597
2229
9586
45575
57385
45264
3173
18069
38749
51574
20975
56194
26102
33488
19476
3422
43202
23390
16607
39068
56508
39413
58661
25650
20428
43683
62523
62451
8066
58889
60978
11677
66667
54680
60226
34724
42427
30081
59103
6865
47233
49895
6558
49438
29485
32997
32476
40816
31385
9205
40346
51385
17354
25533
19019
31526
14434
26485
12719
48981
16848
59287
20065
40089
42421
65454
64301
27558
11944
42032
48748
11488
46914
45079
65205
16112
60376
16188
20618
18098
53339
21961
2989
1776
62520
63403
24988
59659
34387
43982
15527
28134
12828
6593
24452
8773
61792
553
22254
26239
16256
19338
55488
36932
47479
52390
19196
8455
22419
8022
40283
49171
4603
33681
26053
45938
25645
4260
33618
65928
33051
3240
45145
62552
4595
22919
29369
42120
681
64502
19330
3627
61023
26477
42040
11500
44653
32798
25409
1369
19786
16421
50761
14845
1389
15158
36879
34264
45412
15880
52292
28246
52512
57915
43167
3263
63013
21618
51160
190
44446
48686
3711
61311
2997
3353
41617
28368
31681
40707
13629
53126
24446
43937
23330
224
60364
2370
62743
23470
15085
40727
11121
52827
35285
44718
36773
739
28004
34267
39905
18101
11309
17034
62840
48917
2641
31016
23069
10513
55543
12467
41499
48572
13424
25089
25126
41725
46967
21655
54059
33372
38440
30378
12582
9123
11420
41482
54591
30639
55534
9053
56276
52692
44292
16625
16647
23591
54088
12529
50382
34519
17395
47582
4640
44880
63477
40212
27405
34633
37449
41942
43280
4227
65603
44285
40515
42059
63844
44805
43429
26225
50490
63814
7762
61155
23458
3167
14951
2182
65305
28687
36056
36359
5824
26950
19171
62769
58511
36529
20717
39379
10232
59834
55270
31805
26359
66557
34684
44266
24118
3501
6808
839
31645
21882
17488
64818
47391
31268
66807
45801
62341
33220
55999
44071
40114
49878
38079
50140
56627
51643
50599
59675
65484
62369
49440
29591
58322
63801
28087
1716
58338
25458
160
15223
36739
39454
32895
57214
33124
23385
23621
64742
54511
59628
29266
35626
60411
29151
35518
24010
52311
56070
29025
50981
61674
61661
677
16720
49745
44728
40933
48692
31138
34719
9395
45083
24287
44173
37921
1094
40308
11667
58906
65738
8691
25393
50751
9744
119
42747
24895
5416
8283
67065
3565
26229
28886
61859
14170
20303
41505
50133
30565
17654
6405
37576
6953
46395
30884
62009
2585
29606
49776
34997
2183
39792
41786
24737
56294
39936
19766
30539
45416
43902
33603
37055
10909
54298
28471
49028
14348
27738
6894
12274
35232
2499
14928
5214
63039
47910
34778
32732
30100
1328
57743
34770
40823
42773
36828
22324
12024
17665
40098
22065
32159
40988
41142
35017
53413
46438
23360
63124
26389
29245
64163
27286
38695
5971
31144
8664
34869
44378
52862
27952
10318
40380
62156
8003
48816
7657
41032
38182
15318
41873
63792
27150
5771
10389
47436
29576
46915
12507
41860
25360
33039
42061
11790
34248
19017
65368
61300
13413
37405
4026
30724
7968
62434
61175
39650
17886
28768
27793
13245
53995
55505
56566
16679
2174
35088
26880
66981
2829
37699
17064
31801
15569
10788
38935
50054
23242
2881
66945
66674
42022
19011
14014
22631
11084
21683
57710
30833
16263
45905
64906
56691
42587
8984
61031
41595
60379
18122
47498
59700
65706
35076
33636
18439
47693
24942
23624
21588
45319
30946
23425
58250
53156
42566
19808
55930
35175
23510
58693
1240
39587
17562
10561
51959
32028
44823
26742
5428
11166
13982
55698
26993
38359
62078
24486
59205
15216
28229
66564
35862
18600
66651
57027
29772
588
65517
31476
11527
2253
31149
61881
64268
16417
67089
12553
15044
9512
26748
34976
7825
34520
56927
40347
4590
11315
37300
43818
38226
44564
17755
35690
42200
45506
26280
21671
24398
22320
4306
41271
5983
40349
7888
57882
61973
4025
36638
39734
54884
63655
26557
9695
44043
47228
29491
37033
16454
34534
43431
46453
16269
62831
108
49835
55851
44026
42082
16288
33983
38648
59321
67173
13929
41882
43880
24416
45604
63616
16331
59619
66514
13910
66487
14276
10101
40173
3613
1158
66640
25823
34582
53321
24602
35151
43779
24873
42064
31430
6930
40186
1295
9805
51827
66026
46656
57443
18474
52769
3676
33696
24124
44352
28971
29567
21546
54329
48501
16489
2818
4821
22596
18608
66834
24441
53077
55996
49163
43427
29588
35980
22925
16101
65296
63307
11666
43200
48865
19580
12288
47139
32475
1556
49258
39831
21714
37839
245
43875
52577
4158
10835
34531
44113
29223
46856
55873
37240
39090
25728
57349
40935
63581
18220
60259
37629
55655
16372
12526
19888
5633
1791
55958
3379
5546
3133
37968
11401
58760
30564
24021
48621
116
35668
2533
9880
6128
27498
3590
62595
50642
29792
7711
44897
56728
28365
10386
50202
37020
22672
4112
54069
16673
59100
16947
56
53009
59947
6511
50530
48920
32815
46894
503
2580
52715
58539
66535
54208
22584
4066
19814
24282
31203
788
13379
57302
41875
38444
44184
42905
12831
32755
18304
23834
46223
44907
12210
1122
6444
27284
41450
30640
24395
12756
35580
16133
28465
51573
36894
55338
18358
60401
44506
45960
60916
49581
27518
45092
32325
48933
50516
40932
56679
14631
41685
17170
54764
23316
9726
337
35597
29417
38120
18572
37782
64311
61611
26851
27884
48663
34025
51062
52759
54074
59276
11180
3911
29961
48526
14690
2206
120
39688
25412
47628
45465
56202
36019
57139
22801
34110
24532
27762
6471
13457
21836
45426
66962
7675
57034
39870
26976
49659
51124
11282
48479
8595
20958
47402
60359
49426
11551
31468
64711
15253
57454
40196
62063
30686
63595
48808
54166
28180
62283
35032
19035
8975
51129
19208
1282
9955
66718
38282
8306
41283
32990
59605
30980
63532
21537
4615
38713
43651
16846
55923
14409
51571
23422
30863
45352
52198
39359
59496
60110
5751
38993
35195
27659
52882
48661
14357
27520
54721
48227
36059
62978
16962
56909
48178
55209
5072
67005
3657
6863
10060
9713
46940
26516
33054
38721
57577
21820
62235
30485
27572
52908
22157
934
60676
7662
66719
19637
44666
66607
4699
64312
65926
63247
41306
41948
24981
4926
52203
48274
58383
12057
42578
11787
63335
7673
54178
44778
32295
13580
21276
25486
26912
49371
29733
10142
20014
60276
33223
21117
21705
20867
56663
55738
40181
1538
12982
31562
29712
48690
21734
16529
34782
56242
32039
61958
61810
29790
53955
29629
66470
10588
22290
59080
32320
66780
8376
2454
51013
10760
32438
28095
24941
40361
52549
64164
51060
19303
33981
18341
3200
25302
47081
11887
45054
33763
58159
20730
54612
17279
64334
3618
46965
48525
11892
5792
9381
44050
25675
19676
36306
20417
24582
37931
53827
64133
67295
46966
61255
23108
26514
35136
33221
38457
44939
51229
1023
24638
16531
67044
66931
25012
28956
43215
12815
14776
6480
25080
24625
62736
32576
61993
27996
10970
11578
65794
27577
40907
40268
10406
56044
31794
64541
31486
60900
34609
45291
20591
14253
4037
30291
8187
58557
58304
1910
5612
20142
50413
45013
12194
29688
26444
6923
14546
21450
60671
49024
36427
17684
54143
30419
39560
62729
46042
58299
56101
2199
29964
64773
19857
13681
66189
23654
66749
8537
4768
29536
4090
34465
12753
13643
13268
47022
9510
14114
32888
38428
48762
27249
50858
523
22808
3229
16556
26405
59001
13314
41367
10459
36485
54642
18874
1499
35319
5936
50760
34921
19178
58802
16909
46692
457
51310
54163
30923
4153
31207
33028
19859
12237
42147
59819
11548
27878
42957
10948
12027
56631
47741
39434
26429
41697
12941
58971
3708
64933
60799
1290
10025
25066
40559
37733
23872
21591
35100
15501
45368
30736
44647
3764
62731
30537
46823
28966
34717
60343
4406
11937
38307
35005
64252
12781
1472
59483
53369
60290
23179
44456
13502
52587
36110
16212
25764
48040
57564
7619
65525
15472
63520
5635
32228
29332
39730
17865
59011
9206
6720
50993
4831
19923
47111
44631
18828
60227
6575
34651
55229
61454
25939
4435
48186
7739
56493
8351
23997
57964
13180
16691
32175
29418
35867
38293
49597
12451
7251
8956
51397
9884
18558
24557
6893
33122
55101
25282
53044
14093
59246
6910
53841
64142
36341
22295
8762
52117
41615
35031
39862
21910
47319
46305
62397
21045
7150
13215
33101
39432
20045
45698
58471
29142
5457
37814
24299
4028
61167
64893
7286
60603
35370
57351
4782
22643
47438
11019
64854
42997
53152
59238
63325
22064
52705
12575
57730
211
6568
38979
25448
16448
6898
58715
35749
39633
35793
16992
9358
63305
44344
44102
39440
6611
4424
44712
11056
5033
17754
66070
66083
31321
52516
47849
44518
6
10257
50821
27759
10485
20948
50093
16727
27290
60528
14069
25574
62093
20779
278
43505
46592
20763
38498
49330
60085
2087
37903
29995
50755
23257
2578
7148
16362
51497
32745
19205
10608
52036
8637
52028
29106
57284
34258
39986
1025
12952
62336
17247
38042
44740
55151
41723
58494
59090
57823
42785
42844
15078
63609
44648
55912
51745
5908
54937
38637
13726
45016
62015
63049
35344
10854
58213
5281
27455
2773
45187
9257
28650
12726
32042
27649
32903
47372
38355
55546
24500
46979
42640
12714
62606
6360
40488
4094
13035
23284
6875
50576
40495
56881
25575
57383
1713
66953
402
19047
20883
60784
54698
54238
27476
32181
35960
48974
66530
44020
37107
54461
18881
12255
13908
45951
4622
38821
36464
36095
54135
4473
52410
65516
2927
21995
33753
40656
59678
3889
15950
37419
29795
7920
910
27033
52701
2418
30034
17060
42864
23469
49267
60194
50225
58392
45192
53308
19838
4256
37942
57187
5343
32090
8368
36642
25150
47564
21009
41691
53318
42637
112
54409
20216
20808
35015
39608
27188
58611
7515
19658
58315
2048
20920
48119
59048
32505
46469
50293
36125
16745
41998
13459
40528
54393
4091
62391
22048
53585
58952
40446
41687
45220
9195
26123
34231
26025
22470
18251
26250
62445
712
45047
1895
26093
44022
11770
35758
58528
44967
21474
8828
46710
10223
45005
4491
34892
56869
11206
36649
56672
36744
11481
60162
847
14956
7432
22476
44024
46661
43321
9379
3046
23563
66676
5903
37653
11138
24954
60501
47215
29130
19856
49611
4912
10335
35596
41600
26565
55094
18184
44863
56460
43482
34895
22001
57961
8905
58650
10811
47739
37738
9051
6841
46391
38417
21206
54376
33159
45637
57932
14521
26428
540
43318
29469
34276
2979
66930
3604
1056
38256
31970
28770
65108
30347
37572
46156
12785
36292
6927
45057
12780
63967
24404
29044
19700
52355
35712
44488
22708
65649
26319
52105
7939
18052
63493
45221
34042
40939
16364
56778
52267
12217
39617
55550
2487
41635
12295
26008
53887
38013
62782
9659
43638
32763
64675
2319
20863
58384
4794
33425
26358
41498
24307
62966
40287
47655
41915
23012
54812
63875
20754
52327
12864
50365
6834
1935
33333
1092
39085
58306
45454
48683
64148
60167
65687
63600
52066
37601
48977
65515
57592
63504
35042
59353
1181
8864
3285
66768
11128
58081
9158
65362
38016
34913
11149
4652
52687
65888
27024
4086
27515
53606
4614
30265
42044
13257
15985
15309
32858
57055
1953
40920
41783
60905
58864
38899
6093
51779
25881
9203
54067
42926
39994
30290
67280
6217
11643
17023
611
12401
59201
58622
63642
1517
4177
7579
39716
40491
26766
3235
38936
49460
56329
57184
66526
60069
12455
17504
8274
38703
26295
27056
41784
36220
58798
1134
13543
30802
19315
45682
32344
30464
58595
42352
63103
19255
43378
40270
3262
66793
14767
55129
6624
52533
56685
35056
4546
4524
45536
4738
13821
47775
25263
36077
23902
10259
40538
65656
9085
42966
17851
34916
7412
30989
38216
15953
51657
29074
62774
20566
45479
40973
14931
60857
56411
828
7688
67309
66456
12296
6046
3145
40457
14430
91
57356
40830
24945
31566
22078
62275
66321
38371
63927
16665
55470
65105
20292
3044
7200
31119
39523
29055
40737
62710
28851
16073
66162
5533
47114
66200
18571
15373
29337
8468
23471
44281
13777
52584
17626
41042
39447
6849
53587
38878
11932
34539
25710
66655
50300
7481
58999
31670
43383
35342
40761
42950
39285
17874
53139
21947
51842
61915
45700
58736
45517
23331
23399
17753
65695
64168
27320
2698
40195
16538
31734
5970
54145
14235
51029
16461
7041
38851
26813
14536
48445
9575
39838
36912
39686
26710
12589
10188
12339
37095
4324
43256
28469
15098
39976
45138
34657
23808
37856
24214
47667
371
20058
50624
45866
3252
6479
26612
66125
27222
47471
42505
12963
59365
18646
8700
1360
25510
39198
51738
187
66484
21302
49758
4871
54148
39054
27490
27242
10007
15390
3602
30891
12668
47386
21582
5503
34402
24657
20780
63313
12912
41831
55755
55928
29460
22094
12003
41365
33641
53170
57056
55746
19473
8814
45751
45021
29101
17003
51826
16410
32398
28606
13007
20698
35435
42812
28689
3692
46285
34926
23909
30762
37995
31350
9037
56756
61597
45163
66358
43833
63634
25885
67321
36862
726
1225
8724
65925
8084
10550
2904
39166
3875
39221
30995
21729
50520
7266
53762
11192
18488
57848
23776
34101
39729
27856
37262
10705
25058
19211
41410
59844
46826
11943
50539
46160
30890
9885
26481
45864
22182
38503
33077
12738
24541
33718
66284
46221
37547
57834
14619
34995
13061
35045
9390
23008
3679
58394
66858
3007
10651
59624
25754
42340
50668
42289
2187
45603
44345
28488
39358
36258
46733
18669
53007
11286
1219
10317
20534
49871
66347
60679
8643
63188
27822
7861
52329
56318
67125
54316
10120
59373
33814
44422
50068
59317
25782
36297
761
4342
52787
42678
11772
17952
40856
41402
27083
28694
34319
52611
12428
56827
49138
32811
13010
40682
61292
39260
52913
12921
18869
43169
33328
16052
48481
57332
19976
9867
22806
33925
27450
41895
3738
4303
17294
59966
25516
25279
18552
19343
16502
8953
19213
16010
53284
30909
48264
26793
54794
51061
8203
59071
49173
48522
19582
5208
14887
55618
32540
46250
11936
53646
60157
27679
26523
33813
24184
9521
60327
10471
60342
39909
51919
21758
27684
32826
33761
66308
6671
65537
6915
40049
56759
47223
5345
4733
48646
17961
7769
57674
55826
18306
46648
12213
28342
46069
47310
3667
43412
21895
32631
55185
51027
22445
37496
65992
33481
40813
52562
45244
16091
47736
51986
25655
25897
14716
45029
32053
59977
50117
63339
61363
28115
49843
24078
4517
10582
66649
8997
32673
52238
26828
59269
7797
27115
35152
52256
49636
48542
34983
50656
40523
45164
13376
62031
29160
21741
20189
32918
51925
31383
66053
17129
42461
25112
61656
36395
50776
40271
21314
17171
23767
45567
11134
41268
16315
44815
65825
19067
20139
14935
48957
63463
26058
32413
8397
52597
35935
40893
10813
16628
397
46082
39226
10134
5984
26615
2194
29330
62342
22980
44970
38249
17538
2899
51019
497
48005
58027
66901
20802
33312
5183
27116
46322
16869
54106
28321
40381
28705
9240
49073
21126
27433
34444
4799
19608
10708
38258
61100
57451
47962
21547
26965
31352
27234
58434
65950
56355
18782
2913
22459
48890
45708
2972
3746
59587
53804
16051
21645
3902
49925
58653
1904
13162
56349
48667
49838
47720
6399
66580
748
16631
19712
14963
29489
37645
24427
55721
13742
15583
54533
54194
6387
8860
36122
58686
12473
37254
15305
14378
55485
43382
37656
49476
1445
13149
65835
59002
59826
60770
41056
63295
41627
12332
13812
41700
15536
64736
38562
25822
35936
439
8810
13449
52487
34783
58991
22119
11026
6952
8207
20723
47556
35089
30858
22499
14739
17773
7928
61883
3822
42234
62030
14862
62484
21043
55236
9931
20017
40843
19558
59997
45540
26602
9491
14081
505
18480
24246
23511
53912
55170
65536
35722
51520
12091
12016
7685
25896
20980
66742
34229
45422
64596
29390
13220
42231
55423
44977
41490
23423
24489
35126
56235
19169
24731
24060
19391
61375
63939
27214
3864
38349
58898
18175
64431
31285
23674
10115
6913
25178
19847
60490
45041
35176
35784
12522
26362
31971
6581
49850
45216
30070
26399
48183
20158
51372
6019
1127
42327
14554
11258
26549
15291
12950
1245
31539
42400
58501
48994
46290
54364
4290
40957
39684
18568
21010
50664
23151
36255
29169
10477
52122
43050
54066
23944
19344
44846
46598
62084
51966
32892
53550
56572
15314
65425
38624
11004
31612
45554
60078
27204
57805
50019
40732
44121
38465
43366
6082
12007
56211
37597
279
16705
54471
19136
46380
28732
34623
35104
7502
34872
24519
27888
34181
28524
6012
34914
23211
46509
50415
49402
8878
1549
61118
62820
48852
29517
2826
22024
26984
46718
17069
11041
63813
65023
26650
33403
2482
59410
64827
8019
2842
63790
64094
23688
47903
3126
57014
12659
55592
59300
35494
17079
55017
8202
6167
34550
32937
42000
59464
47801
30439
67021
63365
49068
62258
36889
42935
3581
23170
56353
22199
28693
24819
17810
38519
42872
19057
25092
59217
63408
51099
27273
27983
17264
6441
55420
64553
47364
50673
24626
34840
51202
21121
61736
62780
1569
16861
450
64395
41226
66832
41506
26467
36403
1032
29934
34094
3397
58196
66443
42423
48878
42433
27598
50397
57712
15831
50881
45214
19620
57400
5924
66843
2362
5779
49601
17733
45085
56637
10557
60266
38162
34678
1778
65312
23774
26050
53164
3300
48575
27170
25191
66496
34690
38059
2819
41578
55596
47430
58113
54296
18157
48620
17381
60717
66151
12913
1239
13126
2789
40325
4301
44177
8917
11981
50435
2248
38870
12167
25683
6074
57142
28869
39987
31041
27001
12214
52639
13081
58023
1799
15023
13649
60001
63537
7067
38158
61830
66326
47409
25376
57621
3535
20425
9951
15913
3961
11469
39410
66727
45044
22200
38970
49876
47537
12793
62380
28637
3924
51516
8366
35036
61382
60513
36855
6280
44516
4644
20278
45431
17858
53980
14836
29204
3838
17633
15179
23393
63267
54360
36147
25900
2276
57553
744
38705
61822
8286
29537
13826
61922
10048
7178
16433
55936
29906
25109
26616
10263
13877
33842
42623
6855
5296
26294
15884
5897
47365
10679
28138
60516
31972
13181
44706
48378
58028
22603
25029
26039
66804
2293
17650
64116
37343
46877
46427
46212
36173
33775
61747
49199
19000
44238
43252
63332
36810
2663
44130
43717
58147
52187
2162
32019
18539
7397
6094
3928
52033
44563
18479
47680
11047
53031
22626
3598
5155
61714
43468
17500
21271
17455
26194
54500
11478
19609
22056
47174
27784
58135
8782
44590
58410
26383
60928
62034
12585
10801
9691
59534
61210
49592
60334
21850
49888
46690
62601
9533
35635
38408
20583
66242
32976
1532
14472
62165
27050
9332
36800
52521
48389
5346
41688
24122
12357
8954
16930
32310
55597
37881
54042
20553
25226
17992
23457
4168
57041
10229
20467
4043
29247
18059
49827
27440
44688
61897
54538
33800
39508
50636
46457
5894
63454
21061
54621
31098
37672
2008
23713
49855
19095
58896
49677
7249
31357
63469
9617
61960
49175
1845
20757
64055
50175
4511
26006
48523
48710
16934
63558
43662
39014
11044
59734
52872
38561
56687
37422
59919
25485
67099
44028
46634
65531
48045
26695
52955
49197
18490
10918
27599
36179
45397
63289
26922
10155
28444
63271
21007
59361
25398
54686
48729
21023
17480
14587
24428
2272
62328
60064
30503
21798
19241
43152
58359
41743
3696
5017
47258
66267
58626
27678
30812
22090
66589
43926
12879
65042
35033
53648
5806
21199
43316
53274
60502
65858
63995
20061
31607
64931
45926
23549
49576
62228
1148
43877
5686
15520
65986
11763
7410
1587
61998
53817
59146
32838
46701
32559
44757
23430
18406
7785
33740
28630
27734
17980
1672
57697
47997
65855
42672
253
31466
18994
25769
25520
4684
34610
27008
2679
45322
14919
29669
59231
55218
42930
61301
43853
7922
48783
48937
42914
3385
59607
6293
40691
11172
26989
35994
41841
18626
29348
58726
11910
56727
10015
31188
2131
32847
5626
49773
59023
32570
65033
62181
14401
34448
49520
56186
60854
41710
14410
10999
55677
11118
41938
32806
60615
54762
21563
22178
12965
30904
40358
20343
5200
2369
15736
42555
18076
41205
25551
64969
10895
53180
34996
66141
34446
1257
24869
57376
49266
55617
6307
14755
59082
56796
10365
19909
47964
48887
9827
873
54603
48776
66385
25951
26404
5632
54328
58861
54622
15035
58918
46970
67310
64271
56826
58296
10620
28359
33877
17537
56390
50212
66959
20827
42336
12333
46859
56900
44460
66332
46902
10130
27618
27135
18348
56786
1167
41877
37922
40640
4192
31286
3792
66135
62464
40507
46476
3430
34373
45344
14421
37731
26130
31018
37151
13163
27049
66143
57404
66849
44144
11189
13262
3589
10178
65082
11302
46519
27132
10234
24418
59873
34834
57679
22446
20756
40478
45724
13024
64425
9185
60123
13034
63164
30157
8012
30541
8752
14761
11033
21425
34452
56248
38029
1103
30545
42164
64639
3513
53791
51034
66012
40246
51953
16602
12479
50207
61624
41939
39205
33957
55532
3004
27660
59723
45999
50311
58448
58174
62117
17839
15677
39971
29756
49298
28716
6740
36633
12509
13381
9854
49785
29341
55035
3116
9887
13031
4155
25739
32383
38083
2135
41329
9522
50035
4552
619
37692
6268
19190
19579
62658
65682
18307
17930
53822
56120
18114
34602
58762
57732
25244
9426
42299
54595
59915
36412
63369
37389
20144
59739
51921
54693
40042
36024
43999
57994
59567
11021
65619
6039
41269
57733
37907
28535
47490
51201
32952
3343
57597
8776
45555
62971
1680
46814
37675
29786
9073
1244
44540
4294
36666
14454
5096
6335
2483
2486
49881
21945
48597
35728
28400
23077
5089
650
45210
35677
48356
61893
61802
44523
25660
56887
64583
2107
15621
54543
29554
21376
36275
40265
61512
13043
54154
31857
56464
14418
56213
15628
453
21751
26320
6133
51634
15631
36028
10432
9080
56369
57411
63002
5647
32294
28825
979
54309
15335
64750
53834
9699
56606
32577
54033
50468
44104
51548
26788
48237
14141
18583
55282
22112
56671
4010
25938
51073
31269
2575
1567
9963
16170
10762
19533
35550
65021
27245
15130
26118
55932
24390
61232
59306
11263
47405
28094
59871
15929
24483
52590
6252
38430
12303
41481
10399
58784
841
31755
53112
37838
11872
1096
26368
8937
25748
51146
44210
34329
12493
56625
49274
65128
28041
19440
33864
14098
52489
60010
54416
26697
9318
10435
19180
67062
32779
123
51193
46955
25733
12655
14756
3329
39235
4336
23346
19236
54784
63623
51616
34228
56829
55549
10075
64086
63388
15497
51560
21968
30914
57154
40882
21279
38846
66616
9519
37954
55845
41643
64722
63086
17811
28071
8405
49845
12616
38697
42688
55812
11613
40385
34083
22675
50894
30304
24407
5703
40681
34907
10671
35983
64357
53625
32100
51205
39211
37350
46556
22038
11803
46576
33499
15061
31292
27235
2835
65358
25348
10204
7672
39066
59926
50749
267
25161
23779
64263
30557
2708
54969
1027
13270
64337
47648
43083
55626
2627
32510
62206
37788
23026
36195
54425
14451
52104
34483
64912
66756
49650
9688
56149
45434
36656
54079
42702
35797
56659
20842
3514
44498
36936
57534
9706
13417
52483
58307
16161
12843
3256
17302
49478
59879
40587
65776
15832
50275
7441
50291
64691
27899
49112
15584
53400
23970
42681
49041
45123
10113
8413
8696
52382
14570
52956
23440
56776
14289
31245
7921
36917
35353
15088
26796
62463
28024
49280
46811
47796
23751
46751
12364
18272
2207
49700
35521
47887
58124
20878
33522
4462
51829
16371
23889
17355
41561
64529
31524
9657
25249
52839
8633
30402
28323
63539
23350
59067
32759
44444
25634
51246
2633
55571
19002
63019
44584
57215
2910
18658
41766
5
51443
48871
37697
10059
65151
45263
5142
32380
28731
4662
17048
54529
38822
54605
47246
2529
9423
68
20709
19072
15391
37160
59050
48656
33976
14884
37662
12001
40163
66356
58969
32409
50228
59478
6168
5134
5843
24686
8709
61589
60095
22818
16805
62176
45417
36196
54992
49442
1787
21143
6690
58193
20688
44187
42342
13404
19611
42603
30960
63145
12715
39229
35166
3934
24590
41463
14498
26197
15455
30616
65074
23396
13939
5967
7768
31454
28579
54617
61628
585
35406
8137
42639
62512
22693
30386
22236
24468
21472
65922
252
16447
3261
48423
40851
47029
21670
59224
43920
45213
21412
4664
13497
48902
17902
10981
46230
3790
39256
20994
59307
21174
19436
31484
58878
50030
57942
41601
5124
2027
37421
18373
65411
65911
9707
19827
58778
46347
48497
33089
45756
39365
39315
10729
13471
20407
40796
49461
52278
25609
57787
65652
48268
29947
59606
31320
65363
44332
44395
44682
13508
4851
2680
14805
61298
51624
67320
30250
46181
43820
22323
53826
51802
17593
26773
2855
43065
24445
21069
57538
57776
44386
16106
25904
31504
50837
23124
50231
52819
11671
1392
19638
24419
4072
33467
10921
21348
5331
63226
63350
4934
48015
51490
37525
16499
37822
18928
27169
57176
4402
1642
38544
17166
16254
62533
4967
32924
26259
31064
59304
16248
34586
43367
15072
27179
32237
38463
21685
31200
48858
50010
21214
51832
67243
13136
22960
6802
22608
2926
25958
64390
16207
24896
14353
23807
59381
51448
56088
58093
29983
35298
57929
52059
26631
36735
59893
45432
46256
13842
15920
27975
25351
26940
48610
15711
43885
29960
14783
42069
37321
55848
24028
38515
24236
65045
8181
47150
27672
56701
39868
47955
54195
4033
6989
14470
22856
25545
6591
28830
23351
45718
13556
58098
53882
36865
10660
23512
59912
34380
9818
21225
17813
14728
12513
15173
30913
39956
54139
46737
35764
18313
64901
23030
2827
23871
18249
30654
8853
7584
31974
63921
34836
47288
25373
12932
59156
51658
8051
49200
41790
36303
23927
20647
6024
46173
16386
56799
53444
15076
39612
12847
53237
3578
28163
46079
8800
18146
46691
59847
30782
24015
37953
62943
51285
29007
28217
35256
57654
59336
9610
5978
19635
43232
42594
1179
47137
53699
41401
37228
28931
49320
35472
11874
61590
43846
13144
26560
41140
907
23777
60030
18366
32556
302
12502
55920
5369
35991
20339
13256
28923
34098
33085
27928
50874
49543
10310
29759
14560
43731
44888
20679
16465
53432
6041
17214
43606
5746
38827
50514
16733
41472
21046
50525
29150
47662
8407
53343
41136
12991
20081
65278
60973
22592
43127
8613
64233
468
5788
48695
5733
64514
30417
39381
29434
51833
41159
64336
52527
49717
3149
32220
1703
56980
9732
44109
28906
12727
669
15561
21248
55042
46359
39320
21322
23518
62155
20422
22222
3661
2782
24127
27689
56085
66609
17985
23672
56059
59978
15469
11579
12796
41341
24788
27174
44513
28989
12700
38733
50344
44695
26857
12481
51943
39776
23531
27407
41612
54263
48614
69
62968
20132
52835
38173
48842
48
45357
13854
60480
27588
47124
12379
21756
32183
24528
37322
59753
16345
8065
61788
65639
59528
6983
59655
33160
47045
31420
18256
28363
61266
50004
34601
66090
58440
42144
1689
63462
41024
47891
28539
36900
58365
10580
66323
60318
18857
62160
25523
65285
58355
42813
55709
46687
49312
11290
48756
28053
52538
25682
44453
28212
36982
87
52634
27720
12048
7222
38534
18191
32332
13304
59498
35528
28734
62449
11075
38573
22347
16239
31169
50079
45655
54233
48334
15422
59743
3348
64318
15787
58331
5660
60380
49822
53642
54553
43571
63461
48611
15099
21659
32865
63546
20206
61137
27830
62871
21492
50098
4594
37150
20649
55888
32864
3431
10185
12600
59728
19977
22312
22876
14566
36042
1279
39293
18043
41608
34662
18955
31267
51289
21914
52051
21752
3400
27466
36463
1737
16719
32213
35913
33282
14455
17906
61250
36793
51792
42023
46087
47121
50258
2264
14830
26138
40503
6302
32322
53616
14006
20825
66856
65086
25850
9516
9444
10891
25330
23939
10081
12216
66521
38425
16297
5211
52723
20166
37768
16634
44253
65186
15298
3388
39806
28415
23157
66286
33560
43782
8350
4485
53158
28489
51875
13019
52150
62195
14407
64569
25557
11452
55256
36805
27761
8612
51939
3299
59533
30990
793
32003
542
34061
25281
12583
16464
25578
29096
61244
57655
17431
14698
60678
10180
33230
52923
39049
2415
18643
15858
15465
10906
40443
43565
13758
26726
23916
67076
14832
63223
57212
3551
37270
63865
26234
63092
3232
50186
57473
65330
52056
36845
52749
57162
9348
32640
46601
66855
62230
57673
37608
18273
45917
24248
24735
32656
49817
59189
26973
25070
39071
60107
10865
58343
16265
3477
44969
50329
51590
21592
15482
66273
26545
6519
28153
42670
14713
49886
40623
21847
20342
8140
36842
8607
35901
48234
2271
9107
38020
10847
26515
25687
64897
3141
13013
64429
43946
41278
38313
65837
53932
37318
15748
183
38801
66809
31099
50400
41334
300
61811
14911
29531
10121
59876
55741
56335
24325
16441
59327
64968
12525
26571
59075
41742
14137
15473
7274
22084
35855
43025
11492
38347
43809
34503
43223
46848
43102
33337
16411
60743
63296
66221
17391
53427
55816
55291
42694
28883
14630
53330
2610
34201
31160
6415
46626
50865
8609
22455
5475
15483
38518
34832
66547
46842
51363
32693
15573
59183
27223
49225
52370
57958
12817
1550
58336
837
27474
20817
37404
31781
51298
40649
9321
50633
44232
59623
15504
63069
3069
49122
4657
22927
49598
36734
28653
27457
12809
22727
54713
13237
16446
54664
3882
46936
59083
52984
32822
1470
56579
22854
18624
54652
28164
24109
9317
58083
30591
52378
31644
46076
38209
9864
44207
37636
13555
15250
35220
31834
385
59448
57771
54954
28072
42917
32216
45755
14876
14596
10739
21247
26486
5418
31546
29882
58010
37118
60548
43528
6447
33629
24841
27510
1698
10126
63074
58170
4570
6114
29945
54450
10100
21887
49805
39737
5938
26855
39082
20905
51412
139
2617
15860
60161
54258
25773
57847
65636
61492
20721
17024
28318
28177
67090
132
34006
25588
66147
25648
11151
17608
60371
65803
472
6626
24917
55029
16120
21541
31580
52838
42939
36975
16987
45366
29043
43912
12488
16633
34953
47798
42003
30855
35497
2346
48248
5491
32407
31024
31317
65884
31046
19096
49734
34443
24587
25474
23049
57891
53764
17110
44150
23788
9351
8605
62064
38773
37208
57661
53259
64929
31111
54162
2237
4919
63169
54456
2355
3019
29514
52536
51804
53381
11723
14359
38096
21406
48158
37385
18883
44720
10661
37276
54620
12242
34882
50157
60062
63336
57618
9858
65118
40152
20882
10279
26568
55009
27484
21446
59122
44033
19518
30575
37900
52257
13064
53494
4343
13474
47857
45294
18734
12284
42948
43743
29474
26121
17541
17484
67334
47874
62080
19491
41105
43883
48615
20815
56291
64372
63871
47069
1626
33241
16349
23721
66654
55541
64402
24423
59216
44541
30152
13763
32292
10237
48566
22354
60564
4830
13197
20829
50334
7108
53605
62591
30445
65694
22469
33990
9578
18841
57346
24530
9676
15070
34012
40947
45386
22533
48014
29478
56309
23908
28149
12533
47647
42358
66021
22522
11807
66733
55877
22277
34014
18831
27397
26355
2172
11374
21098
13272
29992
23174
27766
51065
22909
16952
46987
39405
56562
38828
38069
51247
24628
6084
15742
36278
31522
32250
13783
49224
42545
32801
36348
55654
5674
44362
37047
30546
48151
46318
35633
24798
34323
39033
31595
5495
37611
22353
55240
35743
18845
34565
16929
33316
57566
8266
40696
49567
2344
3405
496
34197
60421
11199
28922
50712
4874
10647
38638
12119
17160
17617
10484
63377
46440
26146
37221
15755
18870
53253
65797
23976
49157
197
43574
3456
39424
60748
578
11311
411
36785
55015
42212
13666
28133
48934
46116
17640
22421
60176
45380
3948
24414
43691
65018
4579
7631
12270
65483
21884
36983
53643
24084
6080
7522
51740
36910
58126
3921
49536
46360
57822
5252
42093
66099
44916
26462
60044
6967
2620
26334
65056
21523
62836
50920
27502
61671
51554
17999
44162
20429
30747
43410
15642
23526
25638
35486
67328
25482
50405
16234
62991
5453
37050
32055
57426
26291
33699
41131
5762
31637
60474
54129
57353
38547
31493
38464
50598
30413
28372
26219
66989
36312
36479
13534
20318
43140
66656
36324
18478
3691
40492
52528
65289
65747
15873
50733
29014
9030
59154
25233
25108
62169
63265
42236
62218
30800
53770
14540
10085
18835
43897
24092
29300
31605
57146
44578
57277
30777
23468
19672
7586
40073
6956
42368
31840
54284
49757
62950
55614
22511
52934
61949
66560
51331
52571
11342
15930
63478
57457
23034
55198
55855
18848
6532
16690
9736
65737
8100
40154
66112
66480
30282
25770
29314
59344
1847
53610
46943
58757
59800
15741
9224
19601
50569
63036
27764
53796
25711
53038
32161
60404
31638
10945
46073
52885
44690
40596
30129
14294
47783
6235
61120
43845
65675
44482
64777
25338
2033
42339
46705
13639
54647
6670
2917
22297
16662
51398
63203
49863
41759
37540
62262
36356
55593
43187
36054
23472
10693
18777
12000
16326
